190
10
5
9
11
20
8
11
20
19
24
20
20
16
10
18
22
17
6
14
23
5
23
22
13
22
20
8
12
6
23
12
8
21
8
6
10
6
13
12
24
16
13
19
11
5
10
18
21
16
5
7
8
5
8
7
10
17
19
21
15
15
20
19
8
24
17
20
10
20
24
22
14
23
14
20
18
11
17
12
18
14
12
8
20
10
13
14
22
17
15
6
9
10
10
12
8
14
19
20
23
21
5
7
14
13
6
19
10
6
12
11
14
15
11
12
24
12
8
7
15
9
24
13
24
8
6
21
21
20
24
21
14
14
5
21
16
12
13
21
9
13
14
22
13
19
6
23
23
5
10
18
15
21
14
23
12
13
20
20
23
7
11
8
14
11
16
10
15
22
19
13
6
12
24
14
6
22
17
10
5
11
21
7
7
6
20
14
20
21
19
23
