185
10
12
14
11
7
12
16
12
11
11
15
5
14
20
16
20
14
20
13
6
21
7
6
15
5
10
18
12
22
15
17
13
17
16
12
21
16
23
13
14
5
12
18
16
13
9
17
13
22
10
6
18
20
12
13
17
13
17
22
10
5
11
11
20
19
10
17
16
6
16
11
18
18
14
5
13
21
9
9
6
18
16
16
13
10
6
23
6
16
16
17
7
20
16
17
11
11
17
5
12
17
15
19
6
7
15
16
7
11
8
23
20
7
5
19
22
12
7
5
19
8
16
9
19
11
14
16
10
21
14
12
8
9
20
16
20
23
19
10
16
24
10
16
21
17
10
11
14
20
21
7
7
6
13
19
20
10
13
8
5
19
12
6
21
18
10
19
23
23
21
17
6
15
15
7
24
15
23
12
10
23
14
19
14
14
18
