180
10
11
11
8
9
19
5
24
21
23
21
18
22
15
24
19
14
23
24
17
23
9
18
14
12
18
17
5
12
7
17
23
10
10
22
5
17
12
13
16
8
19
5
9
10
21
10
8
10
16
16
6
21
13
19
14
13
19
12
5
5
21
11
8
22
12
15
11
19
16
24
5
24
23
16
23
10
11
6
11
19
17
19
13
20
14
19
5
9
7
20
24
20
5
13
22
18
6
10
5
19
20
16
11
17
7
6
13
24
23
19
20
10
8
10
15
6
9
12
7
15
9
20
7
15
5
18
15
13
11
11
7
9
8
20
22
22
16
14
14
18
15
17
15
14
16
5
19
16
15
23
24
20
13
21
14
19
19
10
21
23
8
13
18
8
23
20
6
11
5
12
12
14
12
16
24
15
6
12
18
15
