195
10
10
9
17
15
18
13
8
19
8
23
13
11
15
7
6
10
10
14
20
14
19
13
9
10
11
15
9
15
14
16
7
22
8
9
14
20
14
9
5
21
22
5
13
10
19
11
13
22
24
24
24
24
9
7
24
8
24
12
22
5
11
19
23
14
7
23
14
13
11
10
11
23
23
17
24
20
12
6
23
11
7
14
21
22
10
14
18
16
11
6
13
7
15
15
11
10
18
10
9
15
21
10
15
11
9
17
8
23
16
20
15
19
22
8
19
6
23
24
12
21
7
11
18
16
15
9
12
15
7
23
18
6
9
8
16
17
21
22
7
23
10
17
13
18
14
17
17
5
23
19
9
12
10
14
5
13
16
15
5
20
19
21
11
10
22
12
22
23
14
7
19
6
6
21
22
18
19
9
13
10
17
17
9
23
17
13
6
18
9
10
22
21
21
9
22
