1000
10
14
23
9
7
6
5
7
9
22
17
11
6
19
18
16
18
18
10
23
21
21
12
16
15
20
9
12
20
24
5
5
16
12
22
21
21
8
13
13
14
15
9
13
8
24
8
10
7
13
18
5
19
17
17
16
17
13
24
18
9
14
20
18
12
9
8
20
18
7
5
18
22
8
18
11
6
20
15
7
6
5
16
11
17
13
13
7
9
11
9
14
21
12
11
12
22
5
23
19
23
16
14
17
14
5
20
6
8
6
11
19
12
11
12
11
21
24
12
22
23
24
13
12
11
8
14
23
10
17
14
9
11
22
23
5
14
14
8
21
14
19
9
10
20
13
19
20
14
11
16
13
10
23
20
5
23
7
20
19
18
23
20
15
18
11
21
20
10
20
16
21
9
11
16
5
20
5
15
11
8
9
16
16
19
8
11
12
9
16
10
24
12
17
7
20
9
12
23
12
6
18
21
21
16
5
17
9
18
10
17
7
16
19
6
6
6
7
20
6
17
21
15
22
17
10
6
20
18
24
14
10
5
11
24
5
7
14
24
9
8
16
21
17
13
5
10
21
23
5
24
22
12
7
24
21
13
10
16
12
11
9
9
10
21
5
15
18
6
18
12
20
10
15
8
16
19
6
13
12
14
24
24
20
21
13
12
9
24
5
11
11
20
20
21
16
24
24
11
19
6
24
5
22
10
11
16
8
6
15
11
18
14
14
22
17
13
24
16
5
9
24
22
10
7
20
13
12
18
6
21
5
22
17
21
14
10
13
10
14
23
16
19
9
20
10
20
12
6
8
11
11
6
5
5
12
6
22
22
22
13
8
15
15
6
5
13
14
11
11
23
5
5
17
18
19
12
16
12
10
18
17
14
17
21
10
12
13
12
6
23
10
7
23
7
9
11
19
11
24
5
23
17
10
12
21
23
9
22
16
16
6
24
14
17
12
18
22
19
22
22
11
9
23
5
14
7
20
16
12
19
17
16
20
17
24
21
8
15
19
22
6
14
9
5
12
7
5
11
17
22
14
6
14
16
19
19
24
13
11
17
15
12
13
8
22
20
7
19
24
17
17
23
15
16
18
8
18
20
10
14
11
5
18
22
15
15
8
5
8
8
11
22
22
7
24
16
13
20
12
14
7
18
15
10
17
24
13
17
17
9
24
16
12
16
9
14
9
14
20
14
23
11
15
8
11
11
14
13
22
15
11
6
17
9
9
23
18
8
11
16
13
22
23
21
8
15
15
12
9
10
13
12
10
12
19
22
22
17
19
23
19
15
14
8
12
15
7
17
9
23
11
22
5
10
11
13
12
6
17
14
19
19
12
21
14
18
24
24
24
13
19
9
22
6
23
19
10
15
16
10
10
17
13
10
10
14
7
12
11
5
7
7
6
20
17
5
17
8
21
15
13
14
18
17
14
7
18
11
11
18
6
24
18
13
14
16
8
13
9
5
21
24
15
7
19
22
8
10
9
8
7
10
13
16
15
21
7
13
10
17
13
8
15
20
7
13
22
20
14
7
19
5
6
19
19
11
14
16
13
22
9
5
9
5
11
20
8
10
21
14
11
7
22
12
17
14
7
20
23
23
9
14
11
16
22
14
15
18
6
19
12
11
21
7
15
20
12
9
15
23
16
21
10
12
10
18
18
5
24
18
12
8
21
23
19
21
21
21
10
12
20
18
21
14
22
5
10
20
11
16
22
10
5
13
14
9
23
19
7
15
8
15
6
8
5
21
17
6
12
13
12
22
24
18
23
18
14
5
22
20
13
13
19
21
22
12
11
8
14
15
20
22
22
6
19
13
18
18
11
5
18
20
18
19
9
22
24
6
23
22
9
24
14
7
23
17
5
9
6
8
18
17
5
15
10
13
14
5
8
22
14
15
19
23
19
11
12
19
14
9
24
12
9
5
14
19
6
18
17
24
18
17
5
13
22
9
21
23
24
23
6
10
22
8
7
19
11
18
17
20
15
24
24
23
6
5
24
24
8
8
10
13
8
7
20
5
19
6
9
24
24
8
13
9
11
15
18
14
15
9
11
10
17
7
14
23
19
22
8
6
13
22
8
12
23
19
15
14
20
8
20
24
15
22
5
12
9
5
16
13
22
19
7
21
9
13
11
20
20
12
8
15
21
5
16
16
16
20
13
14
24
16
9
19
16
15
21
11
7
14
22
9
21
24
8
16
15
8
16
6
22
5
10
24
23
21
24
23
14
18
15
13
9
22
16
10
19
23
14
5
19
14
14
20
7
8
15
19
19
22
