240
10
14
9
24
13
7
18
10
16
14
13
16
6
17
11
16
23
11
19
15
15
9
21
21
10
16
21
13
6
7
15
11
18
14
14
9
5
13
9
21
7
15
12
17
10
10
24
6
23
23
5
15
24
23
6
14
16
17
5
21
11
9
20
11
20
18
20
18
8
12
24
20
16
9
10
10
11
9
6
17
8
9
24
21
23
24
13
9
22
18
18
8
18
10
13
10
12
7
20
6
23
20
16
20
16
17
22
20
18
6
14
5
16
14
6
13
20
8
6
6
21
10
7
14
21
16
13
8
21
21
6
6
15
17
16
8
11
10
6
11
18
17
16
15
7
5
21
15
15
16
14
14
9
5
18
23
7
5
16
6
16
15
14
6
10
16
12
24
20
13
9
22
22
14
6
14
14
11
11
10
16
10
9
16
21
16
17
22
16
7
19
11
8
9
12
6
22
23
9
13
12
21
22
19
8
9
18
14
17
11
9
19
8
23
21
12
22
19
13
8
24
12
22
7
15
21
11
21
6
23
15
13
7
15
22
16
24
6
20
16
20
