215
10
12
12
20
6
17
8
15
9
5
12
15
10
5
6
24
9
19
10
24
9
7
23
22
10
7
7
20
12
9
17
21
14
6
10
17
15
16
20
21
12
5
20
15
15
20
6
23
20
18
15
14
7
18
11
24
21
9
21
13
20
20
20
24
23
12
7
20
18
20
17
20
16
11
24
22
7
13
9
9
13
8
21
15
21
24
14
10
8
7
8
23
22
7
7
5
20
6
15
8
9
5
11
6
14
6
15
24
7
23
9
22
24
8
16
24
24
16
12
16
18
21
21
17
14
22
22
7
10
13
6
14
10
22
7
18
13
19
19
20
15
8
24
14
17
18
11
12
17
12
6
11
7
17
23
24
23
17
10
6
24
8
7
18
14
13
15
8
6
16
22
14
15
10
21
17
21
11
23
24
18
22
14
9
16
17
24
7
19
7
13
10
15
15
22
7
17
20
5
23
15
11
20
20
15
22
24
19
12
22
16
15
16
15
10
15
