275
10
5
11
22
7
17
23
5
6
21
23
22
13
10
20
6
10
18
16
9
24
6
8
20
15
19
14
19
13
9
14
7
19
12
18
8
9
17
11
5
19
20
18
17
17
20
16
6
5
12
22
9
9
13
14
16
7
13
7
20
14
10
11
16
12
13
8
19
21
23
7
7
8
5
10
6
7
13
6
5
13
17
5
8
12
11
15
16
22
23
10
13
14
8
20
17
24
11
24
15
21
11
14
9
20
14
17
24
19
17
11
9
6
9
8
18
11
22
11
23
18
10
15
18
7
15
21
22
6
7
20
16
7
17
18
9
20
21
9
5
21
20
14
16
7
13
5
22
9
16
11
21
23
14
17
19
24
11
19
11
11
8
22
21
22
13
11
18
8
22
12
11
10
10
20
5
9
21
10
21
10
7
7
14
22
22
14
12
13
9
14
9
11
23
15
19
15
15
21
17
20
22
19
19
20
15
12
5
19
20
24
11
18
18
9
11
11
22
9
12
18
19
16
19
13
20
20
18
12
11
13
16
23
8
18
20
9
8
18
10
7
19
23
24
14
20
7
23
14
8
21
16
16
6
8
6
10
6
15
22
6
21
11
18
22
5
9
20
12
7
19
22
11
9
16
20
