220
10
23
18
6
24
6
8
15
24
15
18
9
11
19
24
22
16
16
9
11
5
21
19
16
9
15
16
13
14
8
20
23
22
21
13
11
24
13
21
20
20
22
15
9
23
15
11
9
24
20
16
18
17
13
12
20
14
16
23
23
21
14
16
22
13
20
18
16
21
24
22
9
6
13
19
13
21
13
6
20
8
7
23
22
11
20
23
11
15
24
24
19
7
9
20
8
15
20
12
21
18
8
20
11
19
23
9
14
8
9
20
22
16
16
19
24
16
23
9
8
17
15
5
15
20
15
19
5
6
20
5
13
11
5
10
17
11
10
6
5
24
19
22
20
20
20
10
8
22
20
21
8
19
10
11
5
24
22
6
14
15
5
16
21
8
11
13
19
9
6
10
11
6
7
6
12
23
23
5
22
19
24
11
22
7
5
10
13
20
9
8
22
17
10
12
17
5
19
16
21
6
16
13
11
20
22
19
17
6
15
20
9
18
15
16
10
6
11
14
17
6
