280
10
20
9
10
17
12
13
18
8
24
24
10
21
7
14
19
9
6
13
20
16
13
11
12
21
20
24
5
14
14
22
10
7
24
21
18
24
15
16
8
24
24
14
20
24
5
10
8
21
13
12
16
7
10
7
12
15
11
12
7
11
20
13
13
6
6
11
11
7
8
11
7
23
20
15
20
24
11
18
23
23
7
17
7
11
8
6
24
8
7
7
10
7
12
7
18
13
10
17
17
21
7
6
21
12
22
10
22
16
5
19
21
13
6
18
22
9
18
18
19
14
20
19
9
13
21
12
19
6
12
22
17
15
17
9
16
16
11
12
7
21
18
8
7
14
21
11
24
12
9
20
19
24
23
11
8
14
19
7
17
24
8
11
22
9
10
7
21
17
12
20
21
19
19
23
14
14
20
18
9
9
8
12
14
22
14
20
11
6
7
10
8
11
15
18
24
23
5
14
15
16
7
19
15
14
24
15
13
17
18
22
13
24
16
22
17
20
11
5
19
8
17
20
11
19
7
23
8
24
14
8
23
14
21
7
22
17
7
7
15
24
13
8
8
16
8
22
24
22
20
15
23
9
12
24
12
9
17
16
24
12
10
15
6
14
19
15
12
20
15
17
15
17
20
22
15
22
5
16
10
24
