245
10
18
15
17
5
14
11
20
23
20
19
17
7
15
20
17
5
16
16
6
23
14
5
18
21
7
22
23
6
19
10
13
16
20
10
15
8
7
11
12
17
10
21
18
15
20
23
6
9
17
18
12
20
19
5
16
12
10
8
10
23
15
22
22
17
6
17
13
23
5
20
6
16
17
23
12
7
11
19
21
7
16
23
19
22
7
24
14
11
24
12
8
23
7
9
5
8
22
8
7
13
20
10
5
22
23
11
19
16
6
10
24
13
8
17
24
21
7
21
13
9
13
12
12
18
20
19
12
17
18
15
8
7
18
11
15
24
10
11
10
17
10
9
5
15
13
5
6
6
7
21
19
13
19
6
6
14
14
9
12
14
9
14
16
11
5
18
11
18
13
9
17
10
14
18
5
7
23
12
5
16
6
11
9
14
11
24
7
21
5
18
21
21
15
17
20
15
10
17
24
8
24
24
16
7
24
17
8
7
10
24
22
7
17
24
19
13
18
17
23
14
8
7
23
12
13
24
11
23
12
20
23
21
23
7
16
13
21
10
18
8
10
23
24
11
8
