200
10
16
12
24
21
23
7
11
15
14
12
8
21
19
21
17
14
23
16
14
19
17
5
7
7
22
15
24
18
22
9
11
21
20
14
24
5
23
13
21
14
5
11
21
10
9
20
8
14
5
13
8
13
19
14
17
21
16
7
20
19
11
5
22
20
21
10
13
21
21
17
21
24
11
22
20
17
18
22
20
24
6
19
17
21
22
14
11
8
23
13
19
5
6
5
6
17
7
22
23
23
10
19
21
17
16
20
13
22
15
10
11
5
23
18
9
17
13
22
8
13
14
13
18
19
21
10
9
12
19
13
10
18
24
10
8
19
19
23
24
22
6
12
8
8
8
14
20
13
19
9
20
16
18
7
21
5
14
11
5
19
9
19
22
23
8
6
19
12
16
13
20
23
20
9
23
23
15
14
13
23
10
24
20
17
22
11
24
19
7
5
21
24
8
19
6
20
6
12
12
5
