285
10
7
20
7
8
17
6
17
7
11
13
11
13
6
13
11
8
8
18
18
7
16
14
14
20
14
14
18
13
9
19
8
8
12
7
15
5
24
5
19
16
8
10
5
13
8
6
12
21
12
11
6
10
9
5
21
6
10
19
13
13
24
22
19
21
20
23
20
19
15
24
15
9
20
12
18
10
19
15
24
7
18
19
9
16
7
12
19
18
24
7
8
24
15
6
9
16
24
24
18
22
22
24
13
24
22
15
17
9
19
20
11
24
13
20
15
20
9
24
13
6
6
19
19
7
10
16
5
21
8
8
5
13
22
8
24
14
21
8
13
21
24
8
12
21
10
24
12
22
16
12
10
19
18
21
19
17
15
7
20
19
12
8
12
8
10
18
20
8
8
13
24
15
11
24
23
14
21
6
11
7
13
21
11
10
22
15
22
15
16
9
9
16
15
5
5
16
22
11
15
24
8
24
21
9
15
12
21
15
22
23
22
23
17
6
11
13
16
24
5
12
12
16
10
22
15
18
19
16
11
22
22
15
9
8
8
10
12
19
14
8
13
13
16
21
11
21
15
13
16
12
13
13
7
20
7
11
10
7
22
8
12
24
19
9
6
9
17
7
7
14
9
13
17
5
13
13
24
16
7
10
20
11
12
13
22
