255
10
10
24
15
10
16
18
5
10
8
15
13
16
17
24
22
13
18
6
15
9
13
17
23
15
5
21
16
11
5
10
13
6
6
23
17
13
5
7
12
15
14
5
21
5
21
11
22
15
22
14
16
9
12
5
6
23
12
11
21
19
9
6
21
6
20
15
7
10
12
23
16
11
20
17
18
16
9
22
23
13
19
10
10
24
9
6
23
17
13
13
15
10
14
17
21
24
20
19
19
20
19
15
8
22
16
23
24
13
13
13
22
24
24
20
10
17
22
16
23
19
18
23
20
14
6
10
7
8
19
11
20
14
24
21
16
9
16
22
14
24
13
17
13
19
17
24
24
18
20
8
12
8
13
12
12
5
14
5
9
23
12
21
8
14
8
23
16
16
23
10
16
20
8
24
14
6
15
12
19
13
11
13
23
17
10
14
6
24
17
6
9
20
15
7
23
10
15
16
24
6
22
21
19
19
7
20
15
22
5
14
16
11
15
23
9
20
23
22
23
15
18
9
21
7
17
18
22
15
24
16
15
11
19
21
22
24
10
20
18
18
23
6
10
16
7
14
12
5
14
23
22
14
24
11
19
