295
10
8
6
24
9
16
19
7
22
18
21
10
11
11
16
20
22
9
17
14
10
14
14
10
20
24
23
13
12
9
17
10
13
14
9
9
19
11
6
17
5
11
13
19
13
19
13
13
12
20
19
14
8
23
21
22
8
8
7
14
14
18
11
23
8
14
8
21
10
19
6
16
21
23
18
14
16
21
9
11
23
7
16
10
20
10
18
21
19
24
18
12
7
14
17
15
19
12
16
22
8
19
11
19
24
6
13
24
8
24
15
6
19
17
8
6
6
19
19
14
8
14
13
23
23
9
8
22
10
20
5
10
18
15
5
7
20
19
9
5
5
8
23
23
9
19
18
9
13
19
19
5
16
24
8
11
5
7
10
17
23
13
6
19
16
19
12
15
8
7
18
16
14
5
17
9
11
5
11
17
7
13
6
14
13
18
22
12
7
9
12
8
24
24
23
6
22
7
24
11
12
5
14
7
24
12
5
12
11
6
22
21
6
20
5
10
13
9
11
9
19
21
23
9
9
9
5
15
23
7
5
20
21
22
22
17
19
23
7
13
13
23
16
16
14
10
6
5
8
17
20
16
6
17
17
10
24
15
11
14
12
24
19
9
22
18
9
21
23
12
15
12
15
15
24
8
5
15
6
14
12
10
13
16
15
16
12
19
15
11
14
19
13
21
18
14
