235
10
20
8
6
24
11
23
23
6
5
5
9
19
14
21
13
19
6
6
7
17
17
5
19
5
13
8
10
15
10
9
5
13
12
13
6
16
13
13
18
15
9
23
7
12
18
6
18
22
12
23
8
5
11
12
7
13
22
19
20
8
5
24
13
18
18
20
21
8
8
6
15
11
16
24
24
19
5
19
21
15
11
12
6
23
21
15
22
20
9
22
7
14
12
24
9
12
11
8
15
13
12
20
17
11
23
23
14
24
6
15
23
6
19
21
21
16
13
10
12
15
21
6
8
19
16
20
21
22
18
14
8
7
22
9
17
9
17
9
8
23
13
17
7
24
7
17
5
7
21
21
22
5
10
11
8
20
15
10
14
12
16
14
11
13
20
11
18
20
7
13
10
19
14
15
9
20
20
21
14
18
15
8
15
14
18
20
21
13
11
21
19
15
5
7
18
17
12
8
9
8
17
20
11
17
13
12
18
6
14
20
19
19
9
7
8
14
22
14
20
9
11
5
5
17
17
21
8
21
21
19
8
13
10
14
13
