265
10
10
6
7
23
12
22
10
16
7
18
8
23
16
11
16
20
21
16
16
20
18
8
5
13
20
11
24
12
16
15
22
18
15
20
15
11
6
5
8
11
22
19
7
14
14
5
16
12
24
9
22
10
23
9
12
8
13
17
10
16
10
14
23
8
17
9
20
12
15
6
13
19
15
19
16
8
19
17
8
12
22
19
6
15
19
11
6
9
15
5
7
8
8
9
17
8
16
13
10
10
5
5
10
6
6
12
22
20
8
8
9
17
8
9
22
12
12
15
12
24
17
23
7
17
15
5
15
11
9
11
20
22
13
17
17
13
13
12
18
5
7
5
21
19
5
21
20
15
5
23
21
12
16
23
20
17
20
5
22
13
8
13
15
22
12
22
5
11
17
24
12
13
10
21
11
18
18
21
5
10
10
11
5
9
12
8
24
10
9
17
8
17
16
13
23
12
20
20
6
5
20
9
20
16
7
15
11
17
23
23
5
20
7
9
12
5
16
24
16
22
20
10
7
20
18
16
16
15
10
24
17
7
10
5
14
8
16
24
5
20
23
17
7
21
20
16
7
18
20
18
12
19
12
11
22
21
13
22
21
19
7
22
8
24
22
