260
10
23
14
18
9
8
23
19
21
23
24
18
12
8
10
14
10
13
23
7
17
18
22
19
8
22
10
24
7
5
5
24
17
14
5
19
16
20
6
24
18
8
23
19
16
14
15
13
20
9
16
8
16
16
18
10
19
16
15
7
13
20
11
13
14
17
16
17
16
18
20
10
24
23
9
16
20
18
19
11
12
19
21
19
23
23
11
14
6
16
12
24
19
12
11
23
12
23
20
14
15
22
21
20
17
6
12
11
6
22
16
13
20
15
6
8
14
18
22
14
18
7
24
13
10
9
5
6
11
13
8
19
19
9
13
7
16
14
9
10
24
17
13
19
24
8
21
18
5
13
5
14
21
17
21
12
19
19
10
14
15
14
6
16
9
17
12
13
18
11
14
22
8
24
13
19
6
15
15
11
15
16
21
7
6
5
15
22
19
18
12
24
9
7
22
9
16
24
7
18
17
8
11
23
6
9
22
7
24
19
14
21
9
11
18
8
10
24
7
11
21
19
24
8
12
20
13
22
14
5
20
20
11
22
11
13
16
14
22
19
5
5
22
6
7
11
21
14
6
14
20
23
12
12
10
24
21
21
14
23
5
