205
10
22
10
19
11
21
7
13
9
18
19
16
24
10
23
19
15
8
10
8
17
11
5
10
5
18
8
8
6
20
21
13
10
7
8
6
20
6
14
13
24
6
11
20
5
9
24
5
21
6
9
13
12
21
21
17
10
20
20
13
19
5
10
8
6
15
22
5
9
7
24
24
5
10
13
16
10
12
13
9
11
21
24
10
24
14
6
9
24
12
20
20
21
24
9
16
19
14
5
22
22
8
5
6
8
19
20
15
15
5
15
20
11
14
13
9
5
12
21
22
9
15
24
13
14
11
14
24
12
21
13
14
9
5
11
15
8
9
10
11
20
19
9
12
10
8
21
16
11
9
21
20
14
12
12
20
13
21
14
21
17
20
14
5
15
10
23
19
19
15
17
6
18
13
23
20
16
12
24
20
11
23
23
20
18
20
19
17
14
21
16
9
24
10
24
11
5
23
23
11
6
9
10
5
11
9
