225
10
7
19
24
11
12
18
13
17
17
13
22
13
6
16
12
15
19
24
23
5
6
21
6
5
11
23
16
9
13
16
5
19
19
20
10
24
21
5
18
9
18
6
5
20
8
11
19
21
18
10
7
20
17
20
18
24
9
15
12
7
20
24
14
21
19
18
5
7
12
9
18
11
11
22
19
14
8
24
11
23
15
16
6
24
16
18
8
11
18
7
13
14
11
12
5
8
5
13
14
12
20
7
10
20
17
11
7
19
11
15
23
20
20
12
9
19
14
24
12
7
21
15
5
14
22
8
15
12
18
20
11
22
10
9
22
8
22
6
13
7
11
5
8
13
6
12
19
14
24
8
21
15
17
10
14
6
14
24
8
14
18
12
14
23
8
9
14
18
19
15
9
18
15
17
6
5
21
13
20
10
5
16
16
12
24
6
14
12
6
8
8
10
13
21
22
22
13
10
21
19
11
6
24
8
17
15
16
17
13
22
12
17
18
12
17
22
20
5
11
7
18
13
14
11
19
