270
10
20
23
23
18
10
11
18
13
24
17
24
7
18
14
5
7
24
12
23
17
18
23
21
10
10
5
18
17
19
19
21
6
8
23
16
22
21
17
6
18
6
6
21
9
11
20
24
9
8
17
18
6
7
18
14
18
7
5
12
5
23
14
8
24
9
15
17
17
20
11
8
14
6
17
8
15
8
18
24
19
11
24
12
16
13
19
20
15
19
7
17
22
18
20
10
24
14
18
16
23
11
9
22
9
16
20
13
5
21
18
16
18
8
21
24
23
8
23
23
17
7
23
11
6
23
22
6
10
20
9
20
7
16
18
12
8
19
15
20
15
14
22
9
17
12
23
24
18
9
12
20
13
15
7
20
15
22
18
24
23
23
12
16
7
21
8
17
17
21
19
21
13
16
11
6
24
7
15
14
6
14
11
22
18
10
8
13
22
7
22
5
22
14
13
9
5
16
14
22
11
19
11
12
22
5
22
7
16
20
16
20
19
13
13
6
8
22
24
15
14
14
20
24
23
10
7
20
21
7
24
13
19
20
8
12
11
23
6
17
8
8
7
12
21
13
12
11
20
24
19
12
21
11
22
21
15
23
12
23
9
17
14
9
23
18
22
15
8
13
6
