210
10
21
17
13
21
12
11
22
9
6
15
24
12
10
6
17
22
21
15
12
14
19
6
8
6
8
20
16
5
7
12
17
9
18
12
13
24
11
16
21
20
20
8
6
24
7
21
12
19
8
21
11
8
7
12
11
15
17
16
7
22
7
5
6
24
23
14
23
17
8
16
24
12
9
8
14
5
10
9
8
14
20
16
21
16
22
24
7
20
12
14
22
24
24
9
6
12
19
15
15
17
7
12
11
22
23
13
22
23
17
6
13
7
17
16
11
22
10
9
22
11
14
14
15
13
21
15
6
20
15
16
24
11
8
24
18
24
14
14
16
8
23
19
7
11
16
22
17
23
17
16
11
5
10
9
11
5
8
9
8
12
14
24
8
17
19
19
6
12
5
23
16
13
23
13
7
24
20
5
6
19
5
21
18
19
9
6
9
13
11
9
18
24
12
7
16
19
16
15
5
20
20
5
20
16
10
8
24
12
6
5
