290
10
18
13
20
7
24
15
14
19
14
11
24
10
8
10
8
7
20
14
5
11
12
11
14
19
12
18
22
22
15
10
5
19
14
21
17
13
16
12
17
12
5
15
7
9
9
23
16
10
11
10
15
24
7
5
19
10
13
6
13
11
10
5
6
5
18
10
13
12
24
16
9
11
17
8
6
21
18
14
15
20
13
13
13
8
19
14
23
9
18
13
14
12
22
16
19
20
6
23
7
10
5
22
14
7
19
7
13
8
18
18
11
9
5
9
8
15
24
13
6
9
14
12
20
14
8
23
12
12
19
12
24
20
6
16
24
10
10
10
24
10
7
8
10
9
8
24
24
10
10
12
24
20
17
6
16
9
5
6
21
21
21
13
23
16
6
16
12
15
10
7
10
18
8
16
19
20
13
9
16
8
9
17
22
8
12
7
13
8
7
12
22
19
14
19
21
10
17
20
16
22
8
14
20
5
8
22
10
22
8
24
5
22
20
9
22
7
14
24
16
11
19
14
12
22
20
5
10
9
14
16
18
7
12
21
21
10
13
10
15
23
22
22
10
20
9
23
6
11
11
23
13
11
17
12
14
14
15
15
5
10
15
22
13
10
12
18
15
18
21
23
6
8
14
21
21
13
18
5
13
10
12
22
20
12
16
22
7
12
14
5
