230
10
18
21
21
16
15
6
13
18
10
5
22
16
20
23
15
17
17
11
20
11
24
11
9
7
7
15
7
11
7
6
5
10
24
9
8
10
5
8
8
17
12
24
11
18
17
7
23
16
22
7
5
5
11
18
20
9
15
20
9
22
15
7
13
20
18
19
16
22
23
14
21
11
19
15
22
16
7
19
8
19
14
9
12
17
7
11
21
9
7
23
18
19
14
12
15
5
20
6
24
21
23
12
22
17
12
11
11
13
16
13
13
22
20
9
14
13
9
23
23
22
14
21
12
22
23
7
24
20
20
8
6
19
15
9
7
14
19
8
22
15
22
7
18
6
14
10
16
10
16
24
23
16
21
5
9
11
10
18
15
9
24
13
16
16
22
23
6
15
7
16
7
8
11
19
24
22
10
5
8
11
12
16
12
12
8
23
18
14
8
7
12
24
17
22
19
20
24
21
14
15
13
10
9
13
17
19
6
10
12
9
15
18
13
21
14
24
18
9
11
14
15
8
16
6
10
11
23
22
9
15
