250
10
15
23
10
19
15
22
21
20
17
6
16
23
9
13
9
21
22
18
15
12
23
15
18
21
5
14
17
12
6
24
18
6
16
23
18
20
22
20
23
15
24
9
16
20
21
9
9
20
13
5
5
18
21
16
5
6
21
19
14
7
20
7
10
9
11
6
19
15
20
8
17
7
9
10
19
20
18
24
10
7
24
21
14
7
20
5
6
11
20
18
15
21
21
12
20
8
15
14
13
19
5
11
6
17
9
11
24
18
8
20
7
20
10
16
7
12
9
23
21
7
20
22
20
24
17
7
6
24
8
17
17
21
19
16
16
17
10
15
7
11
10
14
22
24
15
15
11
19
24
5
18
12
20
23
19
15
23
19
6
9
22
18
22
12
8
12
17
15
22
22
9
6
17
16
9
11
19
22
10
6
12
8
21
24
8
12
21
6
24
12
22
11
5
24
5
8
16
15
18
15
11
19
21
11
17
18
14
5
19
5
5
5
22
23
17
12
17
19
8
18
11
11
24
17
22
13
17
17
5
16
24
12
15
24
16
14
9
20
19
9
5
13
8
22
18
19
12
19
21
7
