325
10
17
18
10
21
14
6
24
11
23
14
5
22
9
21
15
22
23
17
20
23
10
8
22
10
8
17
18
12
5
17
21
20
22
19
5
8
17
11
5
20
14
11
24
19
23
6
17
23
18
11
5
15
5
6
23
15
13
18
8
5
9
23
23
23
13
19
14
22
13
20
11
10
15
12
19
19
5
22
24
17
10
17
8
7
5
19
21
11
23
8
8
10
10
13
7
10
18
24
10
18
24
22
8
17
11
8
5
23
10
19
23
13
17
19
23
8
20
15
17
6
14
11
7
21
20
22
14
24
20
12
6
5
5
8
8
20
13
16
24
10
10
10
15
23
12
9
7
5
8
21
7
23
21
12
15
22
11
19
8
7
13
9
8
17
21
7
24
9
7
22
19
21
22
10
8
19
23
7
5
15
8
14
6
8
14
21
13
23
20
8
16
13
11
5
10
17
10
11
7
18
15
7
22
23
5
8
5
17
13
22
7
17
8
18
15
7
7
16
10
19
14
17
22
16
23
19
18
18
22
8
18
13
14
8
21
9
15
24
18
16
24
20
11
15
13
16
21
22
9
7
16
19
13
9
16
14
24
19
14
18
12
5
16
12
12
20
24
9
12
9
16
14
14
23
19
14
10
13
21
15
19
8
12
21
14
16
11
16
20
22
8
9
5
19
22
20
24
11
19
22
17
24
18
22
24
10
5
21
11
8
22
23
7
22
15
17
24
12
22
18
5
22
18
10
12
