380
10
20
7
22
21
21
19
17
5
11
20
6
23
16
11
20
21
12
5
17
9
11
11
9
24
6
14
12
11
11
20
16
10
16
24
6
18
8
24
12
19
15
6
12
19
9
20
23
23
13
17
16
15
14
22
10
20
9
9
17
15
8
21
10
13
9
24
17
19
21
18
8
15
19
19
14
16
7
11
13
16
23
9
5
24
13
15
21
17
13
6
21
22
21
22
11
17
7
13
13
24
7
20
19
6
18
7
13
15
20
15
19
20
17
5
16
23
15
19
15
11
19
14
12
5
11
19
20
11
17
20
16
10
21
14
19
7
9
14
5
14
22
13
15
13
5
9
5
20
11
17
18
21
5
8
18
22
20
7
16
23
8
17
19
15
21
9
20
20
7
24
5
15
7
16
24
9
11
21
23
7
23
21
16
21
15
7
11
7
17
6
7
24
15
5
14
9
22
12
16
11
6
8
11
13
13
16
14
24
12
12
12
20
10
20
20
20
16
7
14
19
10
21
9
23
7
10
5
11
7
16
5
8
14
16
21
12
14
22
13
12
15
20
22
8
19
22
19
5
13
11
20
6
23
19
7
24
15
16
7
21
6
24
10
20
12
7
16
24
21
21
18
11
17
15
17
5
24
13
19
18
9
13
21
20
8
12
24
18
15
13
17
19
22
24
19
15
24
20
7
13
6
18
16
9
14
6
23
17
20
16
19
15
13
23
20
22
17
5
20
10
17
24
19
5
7
5
5
21
13
24
12
16
16
20
20
23
21
9
22
15
19
20
8
6
8
22
15
6
15
9
20
24
14
5
5
24
5
19
19
13
7
24
17
23
13
24
20
17
22
16
7
11
13
15
23
12
15
18
16
6
