305
10
23
5
10
7
7
10
22
7
10
8
16
18
23
24
20
17
7
13
15
24
16
22
9
17
24
10
21
19
17
20
8
15
7
13
7
5
23
14
18
12
24
20
6
13
23
6
6
6
11
24
15
18
19
6
9
13
8
9
22
14
24
16
5
5
5
12
15
19
6
24
24
17
15
15
5
9
5
24
11
13
19
8
24
14
7
24
21
16
20
18
24
8
20
22
11
14
19
6
14
10
5
10
19
15
21
19
13
18
22
10
7
13
13
5
18
20
17
7
5
10
9
21
17
12
8
18
18
7
23
11
17
16
22
23
20
17
17
17
20
20
24
9
10
7
23
19
6
11
16
8
8
10
5
13
16
20
17
12
17
23
11
14
14
14
24
16
11
24
15
12
23
11
14
20
23
23
23
5
10
21
8
5
15
20
9
19
13
15
5
17
13
23
24
24
7
8
20
20
19
7
14
11
23
6
21
7
7
16
14
20
24
9
10
12
13
14
9
19
8
13
12
11
18
10
6
13
7
7
21
11
13
11
8
21
11
23
8
14
9
11
16
16
19
19
6
16
8
5
9
17
9
6
12
5
19
21
9
21
18
17
12
9
16
12
23
19
11
9
19
18
18
11
5
16
11
23
18
10
5
15
13
8
13
22
19
24
9
20
17
15
8
23
19
23
18
13
20
9
15
8
11
14
22
21
13
