355
10
21
14
7
10
24
16
15
21
19
13
13
14
18
20
23
15
11
24
14
10
19
16
24
15
23
23
18
7
13
6
20
19
22
21
24
5
21
19
14
11
19
14
9
24
11
7
24
5
14
14
8
17
19
7
17
22
20
17
7
12
5
16
10
24
19
23
24
22
10
23
8
15
8
15
13
22
16
16
16
22
23
21
21
5
10
21
9
20
13
5
21
8
9
6
21
17
5
19
24
18
8
8
24
24
14
7
10
16
16
8
19
8
22
20
18
22
24
18
5
14
18
23
12
13
5
8
13
18
14
6
6
5
14
22
14
11
21
19
14
10
6
13
17
22
11
12
6
12
20
10
22
7
17
22
15
12
21
6
18
20
20
12
22
15
6
17
6
11
14
6
17
24
5
13
22
17
11
9
18
11
11
5
14
15
24
7
14
22
13
12
8
19
23
24
19
11
6
21
24
17
8
22
14
21
6
11
18
11
13
10
10
6
13
8
15
11
19
17
6
21
12
7
11
13
21
15
18
15
7
15
16
11
8
21
14
11
17
23
21
24
13
8
5
11
6
9
19
10
16
10
23
22
19
17
15
8
8
13
6
5
17
14
22
8
20
19
16
24
17
21
19
10
12
10
19
17
22
18
24
8
13
15
24
12
18
16
17
8
8
14
16
23
7
10
14
14
18
9
13
9
23
17
16
16
5
13
13
7
12
6
12
6
21
11
13
21
9
11
15
12
15
13
19
19
14
7
12
5
17
11
8
23
20
23
24
15
24
21
15
18
14
17
5
20
16
24
7
24
20
6
18
16
19
22
20
