315
10
24
9
23
14
14
9
17
24
19
24
22
5
13
12
18
18
5
11
5
19
21
22
20
12
24
10
13
19
10
9
15
9
13
24
20
16
16
20
24
19
19
20
7
10
20
12
20
14
9
24
7
13
22
20
13
23
6
16
13
20
14
9
21
22
6
15
15
15
13
14
20
24
24
20
24
17
6
17
24
8
23
21
20
6
23
11
19
5
7
8
14
5
23
20
7
14
22
24
12
10
7
20
7
13
17
20
19
5
19
14
16
13
23
24
13
21
8
13
16
7
17
14
12
9
9
13
23
15
10
10
14
22
16
10
18
7
15
21
17
14
19
17
22
23
19
21
21
18
13
16
23
19
23
18
7
13
16
5
23
16
21
6
10
10
6
16
18
23
12
22
5
21
18
20
21
7
21
10
17
10
6
17
5
10
22
24
14
12
24
13
18
13
23
6
19
23
22
5
14
7
15
19
12
13
16
16
5
5
21
17
9
9
18
8
20
17
8
5
6
7
9
6
16
13
13
21
6
20
20
6
6
8
18
8
9
16
17
5
10
13
18
21
17
18
15
13
14
18
21
20
22
13
10
19
13
18
22
19
7
22
9
19
14
7
13
6
22
23
8
6
20
16
16
15
8
17
7
7
21
11
20
14
19
19
13
11
21
11
7
13
13
16
22
16
22
10
16
20
21
24
23
5
12
16
8
5
6
7
8
7
15
14
13
21
21
