370
10
23
5
6
16
6
20
11
10
20
18
19
7
17
23
10
16
17
12
19
8
16
19
15
8
16
16
22
21
24
22
21
22
14
22
18
11
11
18
23
17
12
17
17
9
5
11
13
11
15
21
8
16
10
7
5
5
15
14
17
21
13
21
23
13
11
19
14
18
19
8
14
19
15
10
23
22
8
18
10
18
16
16
15
20
9
16
20
14
12
15
19
8
16
10
11
10
14
13
13
7
18
9
10
9
14
20
22
5
11
18
11
18
10
18
12
18
8
14
14
21
21
12
20
15
24
21
7
13
20
16
20
24
12
21
10
18
15
24
14
13
18
10
18
22
16
15
10
19
5
21
21
22
8
20
11
10
22
7
13
7
24
20
15
18
20
16
10
23
20
18
6
24
9
18
9
23
23
18
18
23
22
13
6
12
20
8
5
21
11
14
11
7
18
12
13
5
11
14
6
11
17
9
14
8
16
10
18
16
5
20
15
10
20
10
6
7
6
16
17
12
8
20
12
18
6
12
10
9
21
8
18
18
24
18
7
22
22
7
24
17
24
20
18
24
15
17
24
19
16
7
12
11
12
8
19
7
13
22
8
22
6
24
6
9
23
17
9
11
12
19
18
11
20
15
15
17
23
5
11
22
20
22
10
13
5
22
22
15
22
20
20
15
21
24
14
23
13
13
11
17
6
8
22
13
11
17
13
12
11
5
13
17
18
21
22
20
9
14
16
5
13
10
24
22
20
15
11
5
10
11
22
13
19
5
15
8
23
22
24
11
12
23
12
14
20
11
12
18
6
5
20
5
10
14
12
10
17
9
11
22
11
23
9
19
17
22
21
7
15
5
