375
10
10
16
18
12
6
17
23
10
6
8
17
5
6
13
23
5
5
17
5
12
12
10
6
10
21
10
13
5
14
9
14
16
5
24
19
14
7
16
14
21
16
16
6
11
10
5
20
10
12
20
20
24
16
5
6
15
24
11
7
8
5
23
22
13
9
15
15
9
18
12
7
12
10
7
7
21
6
10
7
12
19
7
11
24
19
15
11
18
21
5
8
16
21
12
8
10
23
15
10
7
12
17
16
20
22
22
11
13
24
13
5
13
21
6
7
21
24
23
17
20
9
12
14
14
19
9
8
11
6
18
9
16
23
18
21
9
20
23
16
21
6
13
24
7
23
21
24
18
16
14
21
5
11
5
14
10
18
18
7
8
8
19
10
10
5
20
21
7
14
16
8
9
15
15
16
20
13
21
19
16
24
24
10
13
10
22
8
10
19
7
16
17
19
14
6
24
10
10
17
6
10
11
21
16
8
19
12
10
15
9
22
6
5
20
13
20
13
13
16
21
12
7
24
10
12
19
14
23
24
13
8
6
5
14
18
10
20
21
9
18
12
20
14
20
15
7
14
22
5
21
10
12
11
19
15
6
15
15
20
13
17
9
7
11
15
20
11
12
7
24
10
9
21
8
20
11
12
21
8
19
10
22
19
13
11
6
8
19
11
8
5
10
12
14
9
9
16
6
15
17
17
16
24
21
6
9
22
22
6
21
7
22
19
13
9
16
17
17
16
16
14
24
14
5
13
15
15
19
15
14
8
6
7
23
15
7
11
5
13
5
16
16
17
9
13
24
13
19
15
16
14
8
18
14
13
6
5
21
8
15
18
14
9
22
11
23
13
6
15
5
14
17
10
10
19
