330
10
5
12
6
5
11
24
6
14
21
14
20
17
21
15
21
15
13
19
17
14
9
7
8
12
9
17
18
7
6
13
19
16
21
9
20
6
9
15
13
19
7
7
12
15
15
20
11
21
9
12
6
22
10
7
12
5
22
18
24
17
15
8
23
10
11
22
13
14
22
21
6
17
11
16
24
21
18
14
19
9
13
9
20
20
16
13
15
9
22
20
8
9
9
22
24
24
6
10
10
15
23
15
16
8
13
17
8
5
22
8
14
6
12
12
20
20
24
19
18
23
7
16
13
20
7
21
18
22
21
16
17
20
19
8
13
15
5
18
9
21
22
22
16
20
21
19
24
19
21
23
16
11
15
22
9
23
6
15
21
6
22
13
8
5
10
16
18
22
15
14
13
19
10
9
16
8
17
19
22
15
20
5
6
7
7
18
8
5
9
11
24
7
23
13
6
10
21
7
6
6
6
18
10
17
23
8
19
6
5
15
5
14
20
7
20
16
11
11
16
9
21
18
19
19
21
11
11
15
11
22
23
18
12
22
23
9
16
23
8
21
19
17
17
10
9
7
9
13
23
23
6
21
16
15
16
6
8
13
15
8
21
8
21
23
19
14
12
5
14
10
17
6
8
23
18
17
20
8
10
19
15
24
23
7
17
14
17
5
8
17
10
21
6
21
6
13
9
13
17
15
16
14
19
8
20
18
17
17
12
11
7
17
15
18
6
9
17
15
7
8
21
20
17
6
18
6
24
11
16
8
