365
10
23
13
21
18
18
21
10
23
19
23
14
21
16
9
16
14
13
9
12
18
7
23
10
21
21
21
7
16
5
14
14
24
8
6
16
17
10
12
22
11
6
5
16
23
18
5
15
24
19
9
7
14
15
12
12
13
23
12
15
8
5
16
14
23
12
23
24
11
8
16
6
24
20
13
19
9
22
23
16
22
10
20
5
10
11
20
23
9
24
10
23
20
18
23
20
5
7
17
21
18
7
9
6
21
11
11
5
18
17
16
24
12
18
14
11
22
23
12
12
18
22
16
12
6
20
18
20
20
21
16
12
16
20
16
5
19
14
7
21
5
22
22
6
5
15
23
23
11
14
19
7
12
14
10
24
13
17
5
15
16
10
7
23
15
10
8
24
9
21
24
7
16
13
7
20
13
21
14
23
7
12
5
11
14
8
12
9
8
16
9
17
22
6
8
12
9
21
9
7
13
23
11
23
22
7
6
10
6
16
24
22
7
21
18
13
21
16
6
10
17
10
17
18
5
20
9
14
21
10
8
13
11
18
16
6
15
20
12
14
21
23
9
20
19
15
15
17
8
14
23
7
7
21
13
17
22
14
7
9
6
9
8
7
12
20
19
14
22
6
12
10
8
8
21
21
19
7
23
18
16
18
12
8
18
13
17
11
21
10
5
10
6
24
13
17
12
22
20
13
5
12
22
22
23
17
24
22
11
19
14
13
20
8
9
13
10
17
18
7
21
10
17
11
12
5
19
6
6
20
18
14
11
7
10
8
5
11
5
9
20
18
21
10
9
19
22
19
23
17
19
22
22
24
9
22
7
16
15
7
22
14
22
13
20
5
