320
10
7
6
5
11
15
13
17
11
13
20
10
21
19
14
20
19
16
11
17
10
6
21
10
21
11
20
21
6
12
14
8
17
22
22
15
6
9
20
6
14
16
6
18
13
22
21
18
15
15
6
6
10
14
20
6
24
7
8
5
10
14
5
9
5
10
10
24
16
21
5
18
15
13
21
14
15
24
8
15
20
21
7
11
12
14
16
11
21
23
15
22
10
5
5
24
18
20
13
12
23
6
12
13
23
21
21
10
9
5
14
9
19
15
6
9
11
10
12
17
9
11
20
17
20
24
14
5
5
7
16
21
17
14
17
23
17
19
21
17
9
24
23
22
18
20
7
24
5
10
24
24
14
24
21
21
10
17
24
24
13
23
19
18
11
7
5
12
6
23
6
23
21
18
19
24
8
24
17
15
9
5
20
20
11
16
19
11
14
18
23
9
23
5
6
5
13
22
18
21
21
21
11
21
14
11
14
13
22
24
9
23
11
13
8
14
9
13
21
15
5
7
15
20
22
19
16
18
11
15
18
16
10
14
6
15
13
23
5
23
11
23
18
11
10
20
16
24
7
23
21
16
7
22
21
18
18
23
14
6
21
17
24
14
6
17
8
8
8
9
22
13
20
21
9
20
15
15
21
23
6
12
15
18
8
10
11
9
8
13
7
8
15
5
12
19
8
6
20
21
20
11
15
22
16
11
6
5
23
17
5
19
5
6
5
18
16
10
11
6
23
