345
10
23
16
18
14
19
24
18
21
19
22
7
19
17
15
23
20
16
6
18
13
15
13
13
20
21
7
6
15
13
11
8
14
20
18
10
20
14
23
11
15
10
16
17
16
18
13
13
21
19
5
7
17
5
24
12
14
7
21
20
18
23
6
9
16
17
6
14
23
19
7
24
22
17
15
17
10
6
14
22
5
15
18
15
23
7
23
19
18
5
15
14
21
18
17
8
10
15
6
10
10
11
17
24
13
17
8
18
6
22
13
8
22
22
18
14
16
18
18
24
18
5
20
15
23
7
13
21
8
8
12
11
18
9
9
22
21
19
20
16
19
21
14
13
13
23
18
22
23
13
20
9
8
9
6
23
12
10
21
7
5
6
14
9
21
19
14
7
10
22
13
7
9
24
18
18
21
18
17
17
8
17
13
23
21
16
8
11
12
18
22
20
18
24
6
23
13
11
9
20
8
10
24
12
9
11
5
23
20
8
10
11
20
18
10
15
20
18
6
14
24
12
12
19
23
5
18
21
21
5
13
23
10
15
10
7
22
17
10
8
16
19
15
7
6
7
11
11
6
15
24
21
15
20
22
19
24
23
20
23
6
14
11
9
17
13
5
23
8
23
14
5
6
9
10
17
18
13
7
16
16
15
14
11
21
9
12
6
16
10
22
6
18
14
22
10
17
24
19
20
7
13
21
18
14
5
5
22
8
8
14
22
20
7
8
16
19
12
11
18
13
8
10
6
7
9
15
22
6
5
14
19
16
22
5
7
20
11
11
5
21
23
17
17
14
5
