360
10
24
10
14
20
10
12
17
24
11
16
7
20
19
9
24
21
9
10
24
10
11
16
18
10
20
9
23
15
16
22
21
16
5
24
6
19
8
10
6
6
16
12
18
21
11
7
7
19
10
20
11
22
24
16
7
24
10
22
22
13
6
8
10
20
10
16
13
14
17
5
23
6
13
15
19
14
24
21
20
23
24
7
6
23
17
24
18
8
23
16
19
18
22
23
19
7
7
9
18
7
8
11
17
10
7
9
8
18
7
14
14
22
5
12
14
21
23
9
19
22
11
10
20
8
7
20
23
13
24
9
13
15
17
24
16
22
14
9
7
23
6
7
18
11
7
10
22
13
17
17
8
13
18
17
19
12
9
9
11
5
12
10
18
14
17
18
23
17
10
24
22
16
13
23
7
23
19
23
5
17
11
7
23
9
16
21
19
14
8
8
19
19
5
12
14
9
7
23
19
24
11
10
24
20
10
22
14
17
13
5
17
18
6
12
8
19
21
22
12
6
17
16
14
16
18
5
11
10
11
14
7
18
8
10
14
5
20
20
15
14
5
14
9
17
5
22
21
23
12
8
23
5
16
22
6
20
14
15
11
7
6
8
24
8
11
22
10
14
24
22
5
5
15
6
18
12
17
16
24
20
23
18
18
17
11
12
24
6
19
24
9
22
15
7
6
6
10
8
13
23
24
10
5
20
7
11
18
5
13
18
17
18
16
21
7
19
13
24
23
19
23
21
9
9
11
17
20
7
15
17
12
16
20
11
23
19
13
7
11
14
9
5
14
11
12
17
16
20
23
18
9
22
23
13
15
14
5
9
23
23
