385
10
7
18
24
6
12
10
19
23
17
8
14
24
14
10
16
13
6
7
15
18
20
17
17
19
18
14
14
14
17
15
5
5
7
16
13
21
23
20
22
12
7
5
9
12
19
15
17
9
9
14
12
17
9
23
10
12
17
16
16
19
15
12
18
21
23
21
11
17
11
10
22
11
12
5
14
14
15
14
6
15
6
6
16
19
18
14
21
20
22
8
6
10
14
5
9
22
10
10
18
9
5
12
9
14
6
6
7
13
6
13
9
15
12
16
8
23
7
7
10
20
10
15
10
22
10
20
12
15
12
17
20
6
22
17
9
18
8
15
10
9
20
9
13
17
12
23
8
9
20
18
14
6
24
24
21
12
7
6
6
8
18
12
15
19
8
22
17
20
19
13
23
15
9
6
6
18
17
19
11
14
8
7
23
15
17
19
22
11
13
18
7
8
7
23
24
9
8
11
13
22
14
22
20
7
17
11
21
12
23
24
7
22
21
9
11
12
7
8
19
9
15
22
16
5
8
24
18
19
10
8
18
17
18
21
15
24
15
14
16
24
11
23
21
24
9
21
9
7
21
24
5
10
23
12
19
22
24
17
18
22
5
21
18
14
18
23
8
7
9
17
21
7
24
11
20
21
9
15
5
22
16
10
7
7
11
17
10
11
23
5
20
5
23
17
23
11
10
13
21
19
13
17
6
15
19
16
10
16
6
23
19
7
14
10
18
7
12
5
16
12
18
5
19
17
23
9
7
10
11
16
23
17
16
5
5
22
15
23
15
14
18
16
7
12
15
21
22
19
11
11
5
17
24
19
20
10
20
21
20
18
12
15
13
24
10
23
13
10
16
23
17
22
6
12
6
23
18
21
11
23
22
9
17
14
14
