335
10
10
18
14
18
19
6
15
9
18
24
7
8
11
14
23
21
23
5
21
22
9
19
10
11
8
8
5
7
23
18
13
8
22
12
9
15
21
15
11
21
7
17
18
21
21
22
8
19
7
24
20
12
20
22
11
24
9
13
22
13
23
20
16
14
18
22
17
12
7
14
21
24
6
23
20
12
13
10
12
16
16
9
10
10
13
10
15
14
10
9
6
18
23
7
19
9
6
12
10
10
21
8
21
14
9
18
20
24
5
21
23
18
23
9
7
5
5
18
15
8
21
13
7
10
14
24
10
14
5
10
8
5
19
8
10
11
18
7
22
22
16
9
8
16
16
11
23
7
7
20
7
8
15
15
23
14
8
6
22
17
9
21
15
15
10
7
13
15
19
20
18
17
23
23
20
9
11
15
14
20
7
6
22
9
16
5
12
17
21
22
10
6
12
11
19
22
21
17
5
21
8
19
24
13
11
22
10
19
24
9
17
18
18
20
20
22
12
14
24
7
18
24
16
13
23
22
24
10
24
5
7
7
15
7
12
19
9
12
11
20
10
13
6
24
15
23
22
13
6
13
9
17
6
24
21
14
10
9
22
14
23
16
6
15
14
8
10
22
5
18
10
21
18
24
10
15
14
23
12
24
15
21
9
19
9
9
23
9
16
12
17
18
11
18
7
14
10
6
18
6
9
15
16
14
16
8
21
17
7
16
9
12
11
7
18
23
20
16
18
17
23
23
22
15
15
10
6
16
19
9
24
8
7
5
17
