390
10
10
7
8
19
24
24
6
24
17
6
11
19
14
13
8
8
18
6
6
17
23
23
19
24
22
22
17
8
8
9
8
21
15
9
11
7
9
24
15
15
23
5
24
16
5
10
5
9
22
8
7
24
20
16
13
12
6
23
23
20
6
12
17
7
18
13
24
13
10
23
5
16
21
16
21
9
10
12
16
13
22
8
9
11
19
18
15
16
7
21
11
6
15
22
19
7
24
5
19
6
5
10
11
12
18
19
21
12
9
14
17
6
18
21
23
14
21
14
15
17
5
10
24
13
20
22
8
9
15
20
17
24
8
16
11
7
7
14
20
15
9
5
24
6
14
15
17
9
10
11
7
14
9
17
19
9
13
20
14
16
5
14
17
17
11
18
23
16
22
10
23
9
11
16
16
22
6
18
8
5
6
7
21
13
5
13
19
6
21
9
23
14
21
11
16
13
8
19
24
21
5
13
18
7
10
8
23
21
19
6
11
17
24
23
6
20
19
12
9
13
21
17
8
9
7
19
5
22
13
16
10
16
6
12
7
8
12
20
8
21
23
14
19
21
17
13
11
16
6
17
8
5
9
19
21
10
11
18
8
22
22
20
9
22
19
19
20
16
23
9
6
12
16
8
15
22
8
17
6
9
14
24
20
6
12
23
14
24
17
7
6
16
5
20
13
11
19
7
17
23
15
18
6
15
5
7
7
15
10
6
12
11
7
9
22
12
19
7
14
5
10
16
10
17
16
11
18
14
22
10
9
10
17
8
21
6
22
7
8
16
19
9
16
21
17
16
17
12
5
24
23
19
17
9
13
20
19
6
20
20
13
6
20
20
9
11
17
17
23
20
6
17
15
21
12
16
24
9
9
17
8
21
12
19
13
16
10
21
15
13
