350
10
23
24
18
5
16
19
22
21
9
23
16
8
23
19
14
22
17
18
5
5
10
14
16
16
7
11
11
15
11
8
13
18
12
23
7
12
16
19
8
6
10
12
17
13
14
18
18
13
11
22
20
8
6
13
10
16
21
15
11
8
12
13
6
10
16
16
24
18
22
15
15
10
22
15
24
23
5
18
13
19
17
21
17
18
23
11
24
20
8
19
11
20
9
13
7
19
22
22
19
23
15
19
21
20
9
13
22
18
6
19
10
13
8
15
22
5
5
22
22
20
24
19
7
18
9
24
13
18
22
22
15
24
10
6
16
7
19
9
18
13
8
12
10
21
10
5
18
5
7
19
23
12
13
16
16
8
5
22
20
21
24
7
16
21
8
18
20
13
12
23
16
9
9
19
5
5
17
22
10
15
5
18
12
17
7
21
5
7
16
18
20
22
24
13
23
10
24
17
23
10
8
8
5
17
17
6
10
8
11
10
13
15
8
11
5
14
7
6
10
6
19
6
13
12
18
5
19
22
7
9
19
20
23
23
24
19
10
19
11
14
10
22
7
21
20
10
10
19
15
12
23
23
9
16
6
23
18
22
16
18
8
12
22
20
18
5
9
8
17
8
14
7
12
22
16
12
20
10
15
24
12
15
5
18
24
17
12
19
24
12
11
21
20
23
13
19
15
9
12
19
12
22
8
15
15
8
21
13
13
17
23
13
22
5
15
17
8
14
19
20
20
8
6
24
14
18
23
8
7
7
10
22
15
14
21
6
13
7
8
7
18
9
11
22
5
5
13
10
18
5
