310
10
13
20
14
5
8
14
13
16
16
12
9
15
22
22
14
10
9
11
21
10
5
10
15
15
22
21
11
6
19
9
16
6
16
16
24
7
18
15
11
5
10
24
12
11
17
21
7
11
23
20
19
23
22
10
15
7
6
15
20
18
19
15
17
20
7
23
24
17
11
16
5
22
8
9
21
17
7
16
17
7
15
18
21
19
7
12
16
15
8
23
10
15
8
24
18
14
13
21
13
23
13
12
11
13
15
21
13
24
24
20
13
16
20
17
15
6
12
8
24
21
9
21
21
22
18
20
13
24
14
19
16
22
21
24
21
9
15
10
20
13
16
9
21
12
15
10
8
10
24
18
22
19
20
10
12
17
5
11
20
22
11
12
17
10
24
16
8
13
19
12
5
19
23
23
7
18
23
20
17
10
9
9
6
8
18
9
8
12
21
12
9
24
16
20
7
14
12
20
15
11
7
9
5
15
13
13
14
5
16
7
14
24
6
22
24
12
17
14
5
10
22
9
18
10
15
19
23
7
14
12
5
18
16
23
7
9
17
20
22
23
23
20
10
12
6
9
5
6
12
21
18
8
19
8
6
24
22
22
9
20
10
15
8
22
17
21
9
16
5
16
7
22
15
18
14
19
18
6
11
20
21
15
24
17
18
6
14
10
21
24
20
6
23
14
8
18
22
24
20
20
7
5
21
8
13
13
18
13
15
16
