340
10
9
16
18
21
20
21
22
18
11
16
9
6
6
23
15
6
8
9
20
23
20
9
10
10
13
8
9
12
5
21
20
5
10
23
8
17
23
10
20
19
21
14
7
14
21
14
11
13
13
17
19
18
8
23
24
6
15
14
9
13
10
20
17
10
17
5
18
23
15
19
11
12
21
18
15
13
20
13
17
9
21
19
13
17
14
23
13
10
6
13
21
16
7
24
5
8
16
9
20
12
9
14
22
15
15
8
20
8
17
16
16
8
5
12
13
13
16
19
16
24
16
6
12
16
21
15
9
13
12
8
15
8
13
16
19
10
23
22
10
6
12
15
6
17
23
7
19
17
22
12
22
10
15
11
19
10
11
7
12
11
9
8
18
14
10
9
12
23
13
19
18
24
22
18
17
17
24
9
12
18
15
9
20
11
18
16
5
21
6
17
24
17
20
12
5
23
12
16
6
21
21
16
19
6
23
8
6
22
5
9
18
16
24
20
7
15
17
23
6
6
9
21
19
19
19
13
24
23
8
23
9
24
8
11
13
8
22
15
12
21
24
16
12
19
21
16
10
18
23
23
6
17
21
7
18
21
8
22
20
9
14
5
8
8
16
20
5
17
23
13
12
11
6
24
23
22
16
12
20
13
22
21
5
13
21
7
5
7
17
24
20
14
9
5
9
6
22
21
17
13
11
16
15
15
24
12
21
9
24
6
24
18
21
11
12
19
14
21
7
9
16
14
5
6
9
9
6
12
11
9
15
14
22
6
19
9
24
5
9
14
