395
10
6
7
11
16
15
19
13
16
12
24
20
9
21
21
18
14
10
15
7
11
24
20
11
5
23
13
16
21
15
7
16
10
19
12
7
6
23
10
9
16
21
6
6
23
7
23
23
22
8
8
7
11
11
16
12
15
14
9
11
9
21
9
14
19
19
14
7
14
6
8
15
8
19
5
22
21
17
5
7
11
15
12
5
24
9
14
7
23
19
14
17
18
9
14
24
10
23
18
16
20
10
11
18
5
13
16
24
6
9
13
21
10
7
17
13
12
8
10
10
17
19
15
11
19
12
6
10
5
5
20
21
8
13
14
6
22
7
13
7
5
20
23
20
19
13
21
16
5
20
5
12
22
21
21
8
14
18
17
20
12
15
7
11
10
13
9
18
7
5
13
15
20
17
21
10
20
20
20
9
5
19
18
21
9
21
16
21
17
7
20
18
6
20
24
9
17
8
21
24
9
24
16
13
5
23
16
18
23
13
8
5
5
23
17
17
22
11
7
13
17
10
5
21
7
21
6
16
7
14
24
11
19
19
21
17
21
13
13
24
8
22
7
12
17
13
10
20
14
12
19
13
15
12
22
7
16
21
19
15
22
21
24
7
22
6
12
10
20
12
23
15
22
9
21
13
21
21
9
10
17
18
16
8
5
9
22
9
8
8
17
15
16
7
20
20
9
14
23
16
10
24
22
21
13
17
11
9
21
7
10
23
14
8
9
19
20
9
9
16
11
6
12
7
7
21
15
22
17
9
8
20
23
20
18
13
18
15
17
11
9
14
6
19
9
23
23
17
19
15
19
14
22
8
13
24
12
15
12
13
13
9
8
18
19
18
19
7
16
14
15
24
17
23
11
6
10
13
17
15
20
13
20
12
21
13
20
22
12
24
16
17
17
22
14
13
