300
10
23
13
24
19
11
16
15
17
23
22
13
14
23
23
13
18
12
6
19
15
5
11
15
19
8
17
18
7
5
17
5
23
6
18
10
9
7
10
18
17
15
5
13
11
16
17
12
24
23
23
16
19
19
6
20
9
24
14
9
23
17
22
20
8
19
19
22
8
9
18
11
17
20
13
24
8
9
19
6
22
22
21
13
9
18
16
19
15
24
5
18
23
19
21
12
16
9
7
24
6
13
8
24
6
16
21
11
14
24
8
5
16
8
21
10
9
24
7
18
17
17
24
12
9
24
21
10
24
16
23
6
16
23
20
7
7
15
15
21
14
5
7
24
16
22
22
24
11
18
17
19
16
18
5
8
10
7
6
7
6
9
15
9
18
19
10
14
17
7
24
19
14
6
14
19
5
6
13
14
14
16
16
24
7
7
12
5
11
11
20
9
10
23
11
24
8
20
19
7
6
22
19
13
23
5
24
10
8
10
22
13
16
18
7
7
15
24
6
20
18
11
19
18
23
14
18
12
10
7
9
8
5
23
10
10
17
15
6
21
19
14
12
21
23
7
23
23
11
22
19
16
12
16
11
12
9
14
12
24
16
16
10
12
15
14
6
10
24
20
10
12
6
16
20
17
24
5
22
11
16
8
11
14
13
18
9
5
17
12
15
5
14
22
17
10
11
16
10
23
16
