495
10
13
13
16
23
12
15
23
13
18
5
24
15
8
7
11
15
8
18
5
13
18
17
17
8
11
12
12
14
22
20
11
22
5
15
18
18
19
19
9
7
16
6
19
21
17
14
24
16
14
8
5
5
10
11
6
7
15
9
8
9
23
5
16
20
7
17
13
23
10
12
10
23
9
9
12
22
23
6
11
24
24
16
16
12
16
24
7
5
23
22
7
20
11
6
11
23
14
11
24
20
13
21
21
12
17
5
10
24
14
12
11
22
22
5
24
17
5
22
14
10
8
9
5
7
19
6
16
10
16
13
19
7
20
19
16
15
13
9
18
17
15
23
22
23
12
8
11
18
17
7
5
15
18
19
10
18
6
5
18
21
19
10
14
10
20
9
12
7
15
6
14
15
17
20
16
10
14
13
12
13
22
7
21
8
17
16
7
17
20
16
10
13
20
8
6
7
5
19
8
21
19
8
16
16
21
9
11
8
24
23
15
16
14
8
17
8
17
24
18
8
22
13
20
22
7
13
13
21
10
21
22
8
19
22
10
10
22
20
21
24
17
12
24
10
5
20
14
23
17
7
5
15
15
11
15
23
16
21
17
8
23
23
11
5
6
10
10
7
20
17
22
19
23
18
19
19
18
22
12
15
11
12
7
18
16
19
16
5
23
22
5
11
13
18
7
24
11
22
23
21
8
18
20
16
12
6
20
6
13
11
6
9
10
16
8
5
16
23
15
11
16
18
5
20
11
13
13
16
24
19
5
10
18
5
9
8
10
16
24
13
23
6
13
23
5
15
12
17
7
6
15
10
11
23
13
22
13
5
6
21
23
16
17
9
24
21
5
19
15
15
18
15
11
19
9
21
5
12
8
24
18
8
13
17
16
10
9
5
12
24
9
24
18
15
13
6
16
22
13
12
24
13
14
24
22
14
13
23
15
13
22
23
9
21
17
9
23
18
22
17
23
8
11
17
23
14
15
24
22
5
17
7
21
12
24
8
11
20
18
23
13
16
8
18
10
18
14
9
7
10
6
10
11
9
16
11
23
10
5
9
21
9
17
10
6
13
20
7
18
8
24
12
8
18
9
10
7
6
13
18
21
5
7
12
11
9
23
18
18
11
13
16
17
22
16
