450
10
19
13
19
23
6
9
18
24
11
23
14
14
18
20
19
13
23
15
23
15
6
18
17
14
5
5
11
6
23
6
14
9
10
12
23
22
21
17
9
12
16
20
10
12
10
13
5
10
22
12
5
11
22
16
8
5
24
12
8
21
14
5
21
22
6
23
7
12
11
10
10
19
7
21
24
21
6
6
12
23
8
22
5
8
11
8
9
21
12
21
9
17
8
10
17
21
22
5
21
21
8
23
15
21
20
19
12
6
22
13
11
21
24
5
13
22
13
14
24
19
11
21
9
12
15
6
24
7
8
15
20
12
24
20
8
11
15
22
14
19
14
12
10
19
11
7
20
24
12
19
7
14
10
11
22
20
21
6
17
22
5
8
15
14
24
13
24
16
15
24
10
11
15
8
14
13
13
21
21
11
9
17
5
18
24
15
14
6
13
20
5
8
16
9
12
11
23
9
12
20
20
8
8
20
19
6
19
16
17
9
17
23
15
10
7
7
22
18
10
9
15
6
11
21
7
18
9
23
8
6
22
19
8
20
11
8
24
12
8
19
12
15
5
16
22
24
11
21
16
12
18
7
8
22
23
11
15
14
15
10
17
11
5
18
21
24
9
12
5
8
17
6
10
6
7
5
10
16
13
13
13
12
10
6
6
22
10
8
11
5
22
19
14
24
22
8
16
9
8
7
18
21
18
5
22
19
16
16
23
7
24
22
10
23
14
19
7
13
24
19
24
16
22
19
21
9
15
9
24
23
6
19
23
6
13
13
9
13
16
11
9
19
12
9
7
24
10
22
18
10
19
24
10
7
7
22
15
6
16
14
10
9
5
10
9
9
23
13
18
5
23
14
13
10
13
8
15
8
6
7
11
7
18
24
8
9
13
24
13
15
20
18
22
7
6
17
6
9
14
13
18
23
13
23
6
15
24
9
7
15
13
13
22
11
10
18
19
23
12
8
14
16
19
21
15
11
5
12
8
9
21
6
5
17
13
12
20
9
21
12
19
12
17
17
19
21
17
6
23
12
