455
10
7
11
7
23
7
24
17
15
19
18
19
15
5
6
22
11
7
14
7
8
14
20
21
6
10
14
19
7
9
21
7
11
11
23
19
16
5
20
22
9
18
10
11
18
22
8
23
23
21
21
13
11
13
6
7
21
8
22
19
13
10
15
24
13
9
17
19
18
15
19
22
6
14
18
20
21
7
10
12
23
14
8
12
9
13
14
10
20
19
7
14
12
20
19
14
16
20
18
23
21
18
9
17
5
22
21
14
17
15
13
8
6
19
8
14
11
12
11
17
12
22
6
8
20
23
13
5
24
14
6
15
15
11
6
17
6
20
8
21
17
22
15
19
13
11
21
9
21
12
5
9
12
11
10
5
5
19
12
6
17
12
20
19
19
19
22
17
9
14
19
17
16
16
17
18
10
8
14
22
15
12
8
8
24
15
11
5
22
16
18
12
24
18
21
18
24
20
17
14
11
12
21
14
5
13
12
21
19
15
7
5
9
13
20
17
8
13
19
20
12
18
18
15
24
15
24
18
23
24
15
10
15
12
22
24
17
14
18
10
11
8
5
15
18
21
17
13
17
22
23
21
7
6
12
12
21
8
18
22
20
10
12
17
17
19
15
6
16
17
17
15
11
6
7
9
7
6
16
11
14
14
22
6
7
7
24
22
20
16
22
21
10
14
24
21
22
12
24
10
18
24
19
12
18
14
7
10
16
18
19
24
11
12
21
13
12
9
22
10
16
5
9
20
11
21
15
9
5
13
8
22
14
6
6
16
12
19
6
5
21
19
15
14
12
13
23
8
13
16
14
15
17
24
10
23
13
21
6
18
22
23
15
20
5
15
20
15
17
22
22
14
22
12
8
8
18
17
10
9
19
12
24
22
8
16
6
7
5
12
23
14
13
22
18
10
15
20
15
6
14
23
11
20
18
21
18
11
20
11
18
9
6
17
17
18
15
11
9
10
14
20
19
9
19
9
5
9
16
7
18
12
14
18
16
21
22
19
22
18
15
24
16
20
10
16
19
7
20
14
18
17
22
11
10
10
