475
10
10
12
20
12
8
22
23
6
13
8
5
16
9
12
13
8
18
11
23
10
21
14
12
24
15
13
19
9
17
9
9
21
9
9
8
23
6
11
14
24
16
5
17
8
16
17
19
11
21
9
11
22
23
7
10
19
6
17
24
23
5
9
10
12
6
9
9
8
9
18
7
5
16
18
15
6
22
8
20
22
24
8
21
24
5
8
6
12
22
15
20
10
10
9
8
9
16
24
15
21
23
14
21
18
16
15
10
14
6
13
11
6
7
19
23
18
23
20
11
18
22
15
19
8
24
21
9
13
20
17
9
12
11
19
24
11
14
11
23
12
6
13
16
7
9
24
15
19
21
12
14
6
19
5
15
11
6
10
23
11
18
14
24
24
16
18
13
19
14
12
6
16
13
12
11
8
15
9
18
23
20
15
21
8
12
9
22
22
22
7
5
13
5
5
8
14
8
10
22
23
5
8
15
11
11
8
9
18
20
24
24
18
18
14
15
23
18
19
17
21
7
8
19
12
13
24
17
24
22
16
6
7
15
16
22
8
12
20
13
5
17
19
24
5
12
8
24
12
16
18
24
9
9
22
22
7
7
5
23
7
5
11
10
14
11
8
22
11
15
21
23
16
17
8
20
14
18
17
24
15
7
20
23
20
20
8
9
20
7
5
13
16
11
11
16
21
13
24
24
20
18
21
20
24
9
9
10
19
5
22
24
19
6
8
10
24
16
19
16
12
8
12
12
14
23
13
11
20
6
20
16
11
8
20
7
13
12
11
7
23
11
22
23
21
6
9
12
7
5
10
24
18
6
14
24
5
9
13
23
10
18
12
6
24
21
24
24
10
7
18
23
14
21
21
6
13
18
8
10
23
15
5
12
11
14
11
20
21
9
5
20
20
8
12
13
8
17
12
15
16
21
14
13
8
12
20
11
6
11
18
24
8
10
5
24
7
12
11
18
10
23
12
7
13
17
8
22
9
8
21
21
11
7
15
14
5
18
10
12
21
17
17
13
16
18
10
24
22
19
22
12
24
7
15
19
23
16
15
13
5
14
17
17
14
21
16
19
14
8
8
8
13
23
22
19
