435
10
12
20
16
18
8
11
6
12
23
16
16
22
24
22
15
5
22
20
8
10
23
7
5
16
24
17
8
9
17
12
18
19
9
17
21
5
7
17
11
22
20
22
19
15
18
23
22
20
18
21
14
9
19
5
14
15
22
7
15
11
13
22
11
24
20
11
14
12
12
13
21
12
17
6
7
17
22
19
10
24
10
17
14
7
14
16
15
22
10
18
24
8
6
21
17
21
23
11
13
5
6
23
13
12
9
13
10
14
8
14
22
15
12
5
22
23
8
22
19
8
12
10
7
24
11
22
11
23
20
8
8
18
9
11
10
9
21
18
13
16
24
24
23
12
14
17
8
10
13
17
14
5
19
6
8
17
8
11
5
24
19
15
9
16
21
17
13
16
24
6
9
8
15
6
7
20
24
16
10
24
21
12
9
14
8
15
14
9
5
17
12
6
10
8
5
19
11
9
17
12
15
8
24
21
8
6
10
21
23
11
13
9
24
18
23
14
10
20
11
17
14
12
23
17
7
10
24
15
9
23
10
5
18
9
11
5
15
21
19
21
23
21
9
21
19
13
13
13
6
13
21
5
16
5
7
23
19
13
14
11
9
16
5
7
17
9
5
6
20
23
14
16
20
11
6
7
21
16
6
7
16
12
14
9
9
18
11
10
13
6
7
24
22
6
5
7
23
11
8
13
15
17
8
24
5
24
12
12
6
6
6
13
20
10
12
12
19
12
19
13
6
9
11
22
12
22
15
11
21
7
11
14
20
21
16
11
11
9
7
12
14
9
18
10
21
10
24
7
21
16
8
13
14
17
14
21
15
16
10
6
22
6
13
21
16
12
10
16
9
5
10
11
5
8
13
10
15
5
18
10
15
16
21
17
20
22
7
13
7
21
18
21
11
12
12
21
14
7
15
7
16
5
11
12
7
11
24
18
12
22
18
17
18
14
23
17
9
21
16
9
8
15
20
10
12
8
10
11
22
12
10
21
16
24
8
