420
10
20
14
6
13
22
6
20
6
12
10
18
10
23
11
13
9
19
14
18
5
14
19
15
12
16
18
23
13
18
15
6
7
14
9
18
10
9
24
14
15
8
5
5
15
9
18
12
12
10
19
22
21
12
7
5
8
14
13
5
13
8
12
13
11
7
21
22
7
15
8
8
8
24
21
20
15
16
14
16
22
5
11
15
20
19
13
21
14
16
23
10
13
8
19
15
5
18
10
5
9
8
20
7
16
15
19
16
24
10
22
5
9
9
13
21
14
7
12
22
17
13
22
6
5
22
8
12
10
11
15
8
12
12
19
21
24
10
10
20
15
24
22
15
5
9
14
10
11
8
20
14
14
18
24
20
17
13
12
16
9
18
13
19
8
19
17
11
19
15
12
17
13
10
18
14
17
17
10
11
23
13
13
24
20
9
13
5
5
11
6
19
11
12
16
20
9
8
7
22
9
20
23
19
16
8
14
6
9
13
16
19
18
15
12
12
12
21
14
20
16
22
13
13
19
24
23
18
10
12
15
16
23
16
11
21
5
9
18
7
6
22
14
19
20
6
23
14
21
6
15
22
12
14
11
6
5
6
11
15
21
11
15
11
12
12
9
23
16
14
11
17
15
15
17
22
12
10
16
14
11
13
20
14
7
21
8
6
18
11
11
11
16
8
6
13
20
7
21
6
13
15
16
17
20
12
12
21
24
19
18
12
23
13
24
9
23
5
18
21
21
14
13
12
21
5
8
8
12
5
7
18
24
16
5
5
10
21
13
11
14
12
9
16
8
22
16
18
18
20
6
16
15
11
18
7
22
16
21
14
12
6
6
18
16
5
18
14
13
23
8
6
11
6
5
10
6
5
7
10
21
11
13
9
7
22
5
14
24
6
9
9
18
23
15
7
11
13
19
16
19
21
19
10
12
13
10
10
6
8
6
20
8
5
10
5
13
24
12
21
20
