440
10
7
16
11
18
9
15
15
5
10
12
13
20
17
8
19
13
11
21
22
6
13
17
14
13
6
22
7
10
16
8
24
14
11
8
22
18
5
20
8
18
16
24
10
8
14
11
24
22
8
24
5
23
23
20
9
18
15
9
9
20
13
6
22
20
21
10
9
10
21
19
13
17
10
19
10
18
17
21
11
5
21
14
9
15
7
24
19
11
6
17
17
22
7
17
24
10
6
17
15
18
15
20
21
8
19
16
15
18
18
10
13
19
6
11
13
17
15
23
13
14
11
13
11
16
24
17
14
24
13
22
23
16
22
23
18
21
8
12
19
7
17
6
13
22
16
5
15
11
10
11
18
18
22
5
11
18
10
14
17
19
7
16
6
6
10
12
12
20
17
6
19
6
15
5
16
21
11
17
21
11
12
10
14
8
22
10
20
8
24
12
16
21
24
8
5
9
15
7
11
15
6
11
12
23
14
16
5
21
7
17
20
18
17
22
22
13
24
20
8
21
22
16
20
8
15
13
18
9
9
20
20
12
10
18
12
22
12
5
8
20
23
9
24
20
14
6
17
14
19
22
13
18
5
8
8
16
9
8
22
14
9
19
19
6
18
16
24
6
24
17
22
13
12
12
17
20
17
17
16
11
12
9
21
15
15
9
13
11
18
9
9
23
10
20
6
9
9
17
7
8
10
8
19
20
21
23
7
15
12
21
10
6
19
16
6
11
6
23
22
23
21
23
11
17
19
24
16
22
24
16
23
16
10
19
21
21
16
5
6
10
14
17
23
5
20
12
9
20
13
7
11
23
23
10
12
20
14
9
6
20
19
17
19
10
9
24
6
9
6
23
6
18
15
8
20
19
10
8
10
16
24
15
17
8
20
19
7
24
18
12
14
7
6
17
14
22
17
9
6
19
10
16
15
22
19
8
20
24
9
5
5
24
11
5
19
13
11
22
22
13
24
9
24
19
8
16
22
11
8
24
8
16
10
21
8
5
7
12
24
13
