470
10
18
20
13
20
14
19
18
24
24
21
16
17
6
18
18
16
20
14
22
6
14
7
12
23
20
9
5
9
22
5
9
22
15
11
16
15
12
5
19
23
15
10
19
20
14
24
24
12
23
23
8
11
10
14
7
13
13
23
7
24
8
14
17
17
16
14
14
20
7
10
9
5
7
9
9
9
8
5
7
22
20
21
23
8
16
8
8
18
17
22
19
17
6
12
20
15
6
21
7
15
14
12
6
16
20
7
12
13
11
5
23
5
15
17
19
9
13
7
10
24
20
17
5
18
16
11
9
8
23
7
24
23
14
12
23
15
10
14
23
20
24
20
15
22
24
18
17
14
9
18
11
13
6
13
18
19
5
14
6
13
13
8
20
13
15
11
19
11
21
9
10
9
14
13
17
11
11
16
12
10
23
5
21
24
7
20
5
17
5
23
17
24
14
17
7
12
20
11
20
6
9
21
6
14
10
14
7
22
12
12
24
14
8
15
24
9
15
22
14
24
5
17
11
7
20
21
21
18
17
13
8
22
22
21
22
20
15
18
9
5
7
22
14
6
11
6
18
12
18
5
14
12
9
11
15
20
9
13
7
20
15
16
8
17
16
6
6
22
6
24
13
14
24
12
17
17
21
20
21
9
12
20
12
16
12
7
7
13
23
8
16
9
14
22
7
9
19
18
11
18
14
14
13
12
19
13
17
16
9
10
23
16
14
24
12
13
6
15
21
22
8
6
21
7
17
18
7
5
20
12
19
24
8
10
10
12
20
14
19
6
12
12
17
10
6
19
14
7
20
16
6
13
10
8
12
19
17
16
18
17
21
10
13
18
11
17
16
24
11
5
21
12
10
18
10
6
17
21
19
9
18
14
6
11
7
21
23
12
17
23
5
6
7
8
18
6
16
7
15
5
12
21
9
14
6
12
17
20
23
9
22
16
19
10
24
5
13
9
5
8
9
12
16
14
22
14
11
13
19
20
22
16
23
23
23
19
12
18
9
24
9
11
15
15
24
17
17
22
7
5
23
20
19
12
11
19
7
21
9
10
7
8
6
24
20
10
5
17
13
20
