415
10
13
11
17
11
11
18
24
6
19
9
15
22
18
7
13
11
22
17
23
9
22
11
8
18
7
11
7
19
24
6
7
7
14
19
14
24
14
7
13
10
13
23
16
18
11
21
19
20
7
6
20
11
15
5
16
23
15
17
14
5
9
17
23
9
16
17
5
9
21
6
17
9
13
15
23
11
24
15
14
15
8
10
5
21
21
19
10
20
24
21
21
19
16
18
14
15
8
14
24
20
8
20
13
17
15
15
20
7
18
8
17
22
23
15
5
6
17
22
18
12
16
9
17
9
21
17
19
14
13
24
10
12
23
9
14
15
11
21
8
9
8
5
6
23
18
24
24
6
11
9
8
9
13
23
14
16
5
21
15
22
18
24
20
17
13
8
18
23
5
23
18
5
23
17
7
6
20
17
23
5
22
5
11
21
17
21
7
23
24
23
15
19
5
7
12
12
10
6
10
16
5
23
14
23
23
17
13
21
17
22
22
16
11
10
5
17
22
5
20
10
14
6
21
5
13
23
10
23
20
22
6
11
8
11
13
12
23
13
16
18
9
23
15
6
18
19
8
8
15
21
17
18
6
19
22
23
22
10
20
9
13
13
18
8
8
21
19
7
21
12
24
6
24
24
20
23
22
20
10
12
13
7
19
13
13
9
10
22
21
22
5
11
5
6
10
11
19
23
18
8
14
19
5
17
23
5
17
16
20
19
17
11
14
10
10
13
15
21
17
6
12
13
10
11
6
18
6
8
20
16
12
12
9
21
7
7
16
10
16
8
16
5
6
18
15
5
13
6
19
18
14
10
13
9
13
8
6
16
21
18
15
23
9
14
20
18
22
16
13
19
12
23
5
8
17
9
21
18
8
18
14
21
7
24
19
20
10
10
13
17
17
14
12
22
20
6
11
11
13
7
17
20
14
9
8
16
6
16
7
12
20
23
23
18
19
