410
10
5
23
24
23
8
19
19
21
17
9
24
5
6
12
7
12
24
23
10
19
15
5
12
24
10
9
24
22
9
16
19
15
11
9
11
13
6
17
20
11
23
6
18
19
8
6
17
13
8
16
9
13
17
19
9
22
17
14
18
23
15
17
18
20
6
7
24
22
12
5
16
6
5
14
22
8
7
23
15
5
14
23
20
5
9
8
7
15
15
14
10
22
21
6
15
16
21
23
14
21
8
13
9
7
5
17
21
6
13
18
23
19
15
21
6
5
8
17
17
24
21
7
10
18
7
12
24
9
20
17
10
12
16
11
20
6
10
13
23
23
11
7
11
20
14
21
20
11
14
9
7
9
18
18
14
17
8
18
15
7
16
22
23
5
9
9
14
5
8
16
23
16
24
18
21
7
11
5
22
21
19
11
17
13
15
14
19
6
5
11
14
24
16
18
22
9
10
21
13
18
24
19
14
17
23
11
23
13
7
18
15
24
23
21
23
8
15
16
5
16
18
13
7
15
8
13
14
5
9
22
11
13
12
13
23
18
11
23
19
5
8
7
15
12
13
7
5
7
14
20
19
21
15
23
21
5
12
14
16
23
16
21
6
20
19
19
15
11
13
13
23
23
16
13
19
6
10
11
19
21
16
21
13
19
15
5
19
16
9
18
19
16
20
20
16
14
14
21
21
12
5
12
10
12
11
24
19
23
18
6
5
6
21
12
8
24
15
20
7
16
6
9
20
19
13
9
23
24
11
6
18
21
11
18
19
23
7
7
6
14
9
13
15
19
6
9
8
10
7
18
24
7
11
18
18
18
15
22
5
20
21
15
9
5
10
10
24
8
10
15
13
18
10
7
9
15
18
11
8
6
23
5
17
20
13
6
6
20
21
5
20
22
16
8
19
10
11
9
16
20
11
24
23
7
7
16
11
11
18
7
