485
10
15
15
21
8
11
11
5
5
17
6
12
15
12
9
7
15
22
22
6
7
13
22
8
22
8
11
22
23
21
22
14
19
21
6
18
13
7
11
7
5
7
12
14
10
16
20
18
16
5
13
12
24
17
13
15
7
21
10
6
23
15
24
9
5
6
17
9
8
9
12
5
24
13
13
18
23
6
10
9
5
17
6
16
10
9
10
16
8
20
21
23
11
18
6
22
9
6
17
21
22
8
11
22
21
18
11
20
7
19
17
18
21
18
6
16
16
5
15
6
18
17
11
20
12
22
16
6
7
20
14
22
17
21
11
19
24
16
11
16
11
18
15
22
5
16
5
15
9
24
23
6
20
13
17
21
23
9
10
5
14
6
8
12
10
7
8
15
10
18
8
23
13
7
19
16
8
6
11
6
23
22
22
20
7
14
11
10
18
17
21
22
23
11
15
19
21
18
14
19
19
15
20
20
18
11
5
22
7
22
11
23
5
11
21
23
22
17
17
23
23
6
12
22
17
14
6
15
19
23
22
23
10
16
21
6
11
17
6
21
9
10
15
23
23
20
23
8
22
9
7
8
24
23
19
5
12
13
22
17
14
21
11
6
12
18
24
11
22
18
9
8
19
12
9
15
17
5
8
15
19
20
16
22
19
16
15
18
10
14
23
12
19
5
9
5
12
15
24
7
5
13
14
24
8
18
13
10
19
9
24
19
20
17
17
24
6
10
15
22
16
6
17
8
7
18
9
24
15
8
15
16
15
7
22
21
9
5
9
12
5
8
16
14
13
7
14
10
19
20
7
12
9
10
23
5
8
17
14
22
24
21
7
7
19
22
20
14
22
21
23
17
23
15
7
13
23
20
7
8
20
7
12
14
10
12
18
7
20
20
8
20
8
22
5
9
15
5
8
21
22
14
21
21
13
21
21
11
14
14
23
6
23
22
24
6
10
9
10
14
9
22
15
18
10
23
13
17
21
21
14
7
18
12
8
21
23
18
7
10
17
18
15
12
11
9
9
20
6
12
19
19
5
8
16
15
19
8
11
19
11
5
23
7
5
19
15
7
5
11
7
22
8
9
7
19
11
21
22
9
13
7
13
9
22
8
