465
10
9
6
22
18
18
15
24
21
8
20
5
20
14
8
6
11
23
11
16
21
23
12
17
5
12
13
5
20
8
14
11
9
16
17
14
14
15
10
20
10
18
15
10
8
24
23
14
11
13
21
11
23
12
20
14
9
18
5
10
19
23
9
17
7
19
22
6
6
22
5
11
5
17
13
13
20
17
11
23
24
14
22
9
19
9
6
21
9
7
18
15
18
18
15
14
7
7
12
18
11
6
24
11
19
21
19
20
10
24
12
18
8
18
11
20
13
13
23
15
6
12
13
22
7
18
13
23
20
19
5
18
23
11
8
24
24
7
11
12
5
9
11
14
19
12
16
21
13
16
7
7
24
8
24
24
12
17
6
19
15
8
11
9
24
5
24
24
16
11
14
13
5
19
12
23
22
21
21
19
11
18
9
9
18
24
24
16
24
12
7
7
16
14
8
24
9
8
20
5
18
12
24
23
6
16
17
22
9
8
14
20
12
23
21
17
21
23
17
8
15
12
11
9
10
24
14
15
6
24
9
22
15
11
9
9
20
19
21
17
20
13
18
18
15
19
15
20
9
22
10
22
22
7
6
15
6
6
6
13
23
9
22
19
10
7
12
12
11
20
17
7
10
6
19
18
11
22
20
17
13
17
17
23
15
15
9
24
7
17
20
8
17
15
8
13
24
13
15
8
20
15
19
9
16
20
7
8
18
16
24
12
10
7
17
7
8
22
7
5
7
20
20
18
22
18
10
19
5
8
13
21
14
8
18
5
17
10
8
15
19
5
10
18
19
24
5
18
20
22
16
9
19
24
18
16
8
14
5
13
20
13
13
6
17
19
23
5
23
9
8
5
15
14
10
22
6
21
11
15
7
9
5
20
22
9
14
14
14
20
8
20
22
23
24
9
13
16
13
8
20
16
24
20
16
5
24
12
17
14
5
15
5
9
14
6
10
10
15
11
16
18
15
6
7
11
19
16
22
19
21
19
24
21
21
5
8
11
21
16
24
6
24
22
14
8
9
16
20
24
19
24
6
5
15
13
6
20
12
24
16
24
14
24
12
8
