430
10
7
23
22
13
9
24
15
13
20
22
5
11
15
18
9
18
5
15
20
7
10
19
8
20
12
18
5
21
18
7
22
23
14
15
20
19
24
7
12
23
22
14
8
20
23
6
6
8
12
13
21
18
9
24
10
21
7
7
20
9
14
22
18
14
14
21
16
8
16
23
17
16
14
22
23
13
9
15
21
13
22
16
7
19
11
24
11
22
13
5
21
5
11
14
24
19
15
24
5
21
12
20
17
7
24
24
19
24
20
5
12
6
11
22
15
14
16
22
17
12
15
12
18
20
23
24
10
9
13
10
6
15
22
12
23
20
11
17
12
20
18
21
17
15
10
8
21
23
20
22
18
15
20
17
9
6
23
11
15
17
14
9
10
17
21
9
12
5
15
9
6
24
22
7
8
19
11
5
5
23
23
5
5
22
5
22
10
15
20
16
15
23
13
7
14
19
9
15
6
16
5
12
13
7
16
5
15
15
11
15
18
16
21
10
23
10
13
11
15
11
8
13
23
22
20
22
14
13
10
17
20
18
9
10
12
10
24
17
12
6
22
5
17
24
22
10
11
10
5
18
6
14
24
5
22
7
23
11
17
23
12
11
23
14
6
23
9
18
6
11
22
6
7
23
14
6
14
8
17
24
5
10
20
17
17
9
12
9
15
6
5
21
7
10
17
21
9
6
22
8
10
10
21
24
19
8
17
21
17
24
9
14
24
23
13
14
13
16
6
22
20
7
20
12
8
21
24
23
17
9
23
7
12
22
10
7
21
17
18
12
7
19
23
24
18
20
21
7
6
15
23
11
17
14
19
23
5
20
7
7
11
10
10
10
24
8
16
13
10
11
20
8
8
12
12
19
16
22
11
19
10
5
7
7
10
19
18
18
15
16
23
23
23
11
17
15
22
11
11
11
14
16
12
10
9
24
15
7
10
6
24
22
11
6
6
12
16
17
24
5
18
13
11
12
7
6
5
22
6
20
