425
10
11
10
6
19
6
9
16
21
23
21
23
9
5
10
24
23
21
5
5
19
20
20
15
9
8
11
20
17
17
20
15
10
18
18
14
12
5
14
15
9
18
22
11
9
19
15
21
18
20
17
24
23
6
10
11
17
13
12
22
13
17
18
18
13
9
13
9
13
12
10
21
18
10
8
23
9
5
16
12
7
5
17
16
9
18
9
19
16
10
19
21
11
7
23
14
20
22
23
11
9
18
21
12
15
12
21
23
14
16
18
13
13
14
13
9
10
18
21
22
5
6
23
19
20
23
22
6
6
20
12
8
6
23
23
5
5
16
10
19
5
15
8
10
12
18
23
23
12
21
22
22
8
11
14
10
9
10
11
23
12
11
15
12
11
7
16
23
23
22
11
15
24
15
22
9
13
16
5
15
24
9
13
8
11
15
18
12
24
15
19
21
21
18
22
12
12
15
5
7
22
10
7
8
21
11
8
14
8
10
8
15
23
22
17
23
19
20
24
20
7
7
13
19
22
18
11
7
9
7
13
5
6
7
8
12
14
23
23
15
20
22
8
17
11
21
18
21
14
24
12
22
20
5
21
6
11
16
6
8
10
22
21
20
10
11
8
21
5
24
17
13
14
21
21
16
9
9
17
18
24
20
9
15
13
18
16
14
7
10
13
5
19
12
16
9
18
13
12
14
8
9
9
19
5
16
22
12
14
22
17
16
16
20
24
17
12
17
16
23
10
21
18
6
20
21
10
20
23
24
11
15
13
11
20
7
22
13
5
21
12
9
14
5
19
12
13
22
23
18
12
24
5
17
6
9
13
23
23
24
5
6
23
8
11
13
24
14
20
9
12
23
13
21
8
6
16
8
16
13
5
10
21
13
12
18
5
19
10
23
7
7
7
9
22
6
21
15
16
24
16
20
16
19
23
19
24
6
8
19
21
6
9
8
5
12
22
12
23
5
19
19
15
6
21
10
