405
10
6
18
18
7
7
8
23
23
10
12
20
18
10
24
17
24
20
23
22
20
11
12
8
16
12
24
17
8
20
14
11
9
24
18
16
8
5
20
9
24
22
13
21
9
7
16
21
22
20
9
19
6
7
18
8
9
15
12
8
18
13
24
8
5
21
19
14
12
11
13
9
19
5
5
18
14
22
22
21
12
12
10
6
19
9
20
8
6
11
5
16
19
19
20
6
16
13
10
6
18
11
8
22
22
16
24
8
20
7
8
14
23
17
11
5
7
19
18
11
9
21
15
11
20
9
24
20
13
20
6
21
13
24
10
16
15
18
9
9
21
11
5
14
9
18
7
13
5
17
8
18
12
5
13
15
16
23
14
23
17
5
24
7
16
11
5
16
13
20
17
14
7
5
8
20
17
16
7
18
10
13
6
12
11
6
15
22
21
17
20
10
18
9
19
8
16
14
11
17
21
10
19
22
19
8
11
17
19
19
11
20
22
20
12
6
20
9
14
14
21
24
24
17
15
8
12
24
13
14
6
16
5
23
16
23
20
22
21
12
16
6
14
19
9
7
14
6
5
10
22
8
9
22
5
5
20
5
10
11
10
16
24
8
7
16
12
12
8
6
21
10
19
22
13
10
10
9
20
11
21
24
14
16
9
9
7
5
6
5
22
8
5
11
16
9
23
9
6
16
17
13
5
18
24
19
7
15
6
6
22
22
24
12
15
18
12
12
9
6
23
19
24
13
16
15
5
12
11
13
10
17
20
5
20
8
16
12
13
13
5
22
5
13
15
6
20
10
12
15
13
19
9
16
19
9
20
20
9
8
5
17
9
9
17
20
14
5
13
22
14
7
23
17
7
12
21
5
6
8
15
6
6
24
8
12
15
23
20
11
19
6
16
13
6
17
11
12
10
16
5
5
7
6
12
19
