400
10
8
18
13
21
8
21
22
20
19
9
9
7
17
19
6
5
11
6
10
6
6
18
6
10
14
17
13
23
14
24
14
18
18
21
11
9
5
14
17
24
24
6
8
18
23
16
14
24
11
20
11
16
22
22
8
12
20
22
7
17
18
6
7
23
5
23
5
23
13
10
11
8
20
16
24
5
22
22
9
20
18
11
23
19
23
24
23
19
22
13
8
18
17
10
19
10
5
13
21
21
12
11
24
20
5
10
15
16
9
5
10
7
8
8
23
24
17
24
8
23
24
7
5
12
5
17
13
16
18
22
5
13
18
16
5
18
12
5
20
22
20
5
7
7
9
22
5
8
20
10
10
9
5
7
22
19
20
15
5
15
11
10
10
15
23
20
9
16
8
12
6
8
8
19
12
12
20
14
14
14
9
6
9
16
5
6
7
5
21
8
16
9
17
7
12
21
20
13
21
5
22
12
15
14
23
9
9
24
17
16
10
8
7
16
22
16
22
12
24
12
20
5
21
14
7
18
11
17
20
10
8
10
10
20
13
7
19
12
7
13
22
23
9
16
17
13
12
14
22
24
5
21
9
24
17
24
22
6
19
24
15
6
22
10
12
13
13
13
7
17
14
14
5
23
7
24
9
7
24
5
18
10
5
20
9
14
11
17
22
20
24
14
9
7
24
17
15
10
11
18
11
10
24
20
14
13
12
16
7
23
13
5
21
19
22
8
14
8
20
24
15
19
17
15
22
12
5
11
16
16
23
11
15
16
8
14
15
21
23
18
13
17
7
19
12
7
14
7
22
24
14
5
8
12
8
10
6
9
10
24
6
10
13
24
7
12
23
20
17
14
6
8
12
10
23
9
19
9
23
7
8
16
24
5
18
18
23
21
22
13
10
5
6
5
13
8
19
16
11
22
