460
10
22
11
16
21
17
21
22
21
11
11
13
10
20
14
20
8
11
21
13
5
9
19
14
22
18
17
21
15
10
6
11
22
8
9
12
6
18
17
18
15
12
21
12
19
6
23
10
12
21
23
22
24
17
5
5
6
18
15
23
23
21
21
14
17
7
12
19
9
13
22
24
23
19
16
11
19
19
14
6
11
13
19
20
19
18
18
18
15
17
12
24
23
18
17
12
9
18
23
17
13
20
8
19
9
19
17
5
21
17
6
24
9
24
18
10
18
11
17
23
23
16
5
22
8
13
24
23
18
21
6
22
7
22
22
11
17
9
22
7
6
14
5
20
22
13
19
14
24
6
12
11
24
10
5
5
18
10
10
18
17
5
5
9
14
14
18
16
23
12
18
13
5
11
21
7
18
5
18
9
6
17
21
6
8
19
21
22
8
17
17
9
20
18
13
14
23
17
22
22
16
5
18
19
19
8
15
15
13
15
23
18
23
17
17
17
5
12
15
17
19
21
19
8
12
22
17
7
9
7
15
21
22
7
12
20
15
17
18
6
8
7
11
11
15
10
8
6
6
8
17
14
18
24
13
19
21
16
22
6
17
16
24
14
14
6
23
21
14
10
8
23
5
14
9
17
20
8
9
19
22
12
18
20
6
12
23
15
8
21
6
7
19
24
15
7
24
19
7
9
24
23
7
14
13
19
9
11
11
11
6
14
23
11
7
23
10
10
9
18
23
19
19
12
10
7
18
22
16
5
9
5
20
24
24
15
21
23
20
7
15
23
5
5
20
17
14
13
11
19
18
6
19
9
8
11
18
9
22
14
22
5
8
21
18
13
11
11
19
5
21
10
17
24
15
7
17
7
13
12
24
5
15
14
5
20
22
16
16
14
23
15
7
18
16
8
7
17
16
20
24
14
20
15
16
18
11
16
21
12
12
5
14
5
24
10
11
7
15
5
24
6
8
22
13
12
21
20
7
6
18
24
17
20
5
12
10
20
11
5
6
9
17
15
24
15
17
15
10
7
6
24
9
20
15
21
17
12
12
6
13
