490
10
22
16
7
21
6
18
15
8
20
10
9
23
6
23
24
16
24
22
6
10
22
23
12
11
12
6
13
13
9
14
21
19
16
19
17
6
7
22
17
16
21
17
11
6
22
22
23
17
23
24
8
11
7
5
19
8
14
16
6
21
23
20
16
9
17
22
19
5
20
23
19
6
23
17
23
11
12
7
18
18
19
6
5
9
11
11
20
13
17
11
10
21
10
10
17
17
9
15
19
19
8
18
20
19
13
19
21
7
21
19
7
6
12
14
17
11
10
12
10
11
10
22
15
18
6
12
21
15
8
12
24
10
8
13
17
19
7
7
18
11
16
5
7
18
21
9
12
16
17
24
6
21
17
20
16
17
6
22
8
6
10
17
22
15
10
15
5
5
12
13
16
17
9
17
17
13
20
10
10
18
7
19
16
16
14
14
13
12
10
5
21
18
10
12
22
14
14
9
13
6
18
24
17
15
9
11
15
12
16
23
15
8
17
14
11
11
5
20
6
9
6
12
17
24
6
15
10
8
6
17
21
21
11
5
12
19
19
20
22
7
24
14
24
22
10
11
24
19
14
17
12
18
11
15
8
12
16
23
16
15
13
10
12
22
16
12
17
7
24
19
5
9
14
8
20
16
10
21
15
7
9
10
17
5
5
11
9
9
14
16
6
5
24
12
23
15
10
13
20
9
23
8
17
22
8
5
18
6
18
5
7
8
14
12
19
16
18
23
5
12
22
14
18
20
13
12
22
21
15
15
5
11
9
20
22
15
23
20
20
8
5
5
22
22
16
16
9
21
21
7
23
8
5
8
19
5
16
16
20
22
12
8
17
15
17
9
11
16
19
11
6
10
24
24
13
12
13
9
23
14
19
11
17
22
11
16
10
13
24
11
14
6
17
22
18
19
19
21
9
24
12
20
14
8
22
22
15
6
11
10
9
21
22
24
17
5
24
24
13
10
9
18
24
21
22
9
18
13
12
12
16
11
22
16
5
10
19
7
14
17
23
6
20
21
22
21
15
14
24
9
17
22
23
11
9
9
6
11
12
15
7
16
8
18
13
18
16
12
16
20
6
21
5
10
14
9
10
18
8
8
23
22
11
12
12
5
14
13
15
22
