480
10
19
10
21
16
24
5
20
11
10
18
13
5
15
6
13
19
12
17
11
18
11
7
8
18
13
8
12
21
10
15
21
14
14
14
16
7
12
15
10
14
24
22
15
15
14
6
7
13
14
24
19
24
24
24
11
10
10
15
6
6
16
10
22
8
8
24
18
12
22
15
14
11
24
9
19
20
16
19
16
9
6
19
21
17
9
14
10
18
9
8
8
8
11
8
8
12
14
21
17
11
15
11
13
19
12
5
15
20
21
7
16
5
23
15
9
10
18
12
5
23
19
23
16
10
23
20
16
17
16
5
15
16
6
14
6
13
24
23
9
19
21
19
24
24
22
23
14
23
24
12
17
7
15
23
12
18
13
13
21
20
13
23
5
22
7
12
21
5
18
14
19
12
13
11
8
15
19
20
10
20
13
9
13
24
18
8
22
22
20
21
7
15
22
15
19
10
6
5
11
24
16
16
18
20
8
16
18
17
17
21
20
24
15
11
18
9
16
23
23
7
19
19
19
16
18
18
13
16
11
17
12
5
14
5
10
11
17
16
24
22
9
19
15
17
21
6
11
15
21
24
11
13
16
23
20
10
19
20
11
8
18
24
11
24
14
14
11
13
18
8
18
18
22
22
24
21
14
10
21
13
20
18
6
12
18
9
11
18
11
12
5
5
16
6
24
18
14
22
13
14
23
9
11
6
18
17
24
5
13
11
14
19
10
10
24
11
22
21
7
23
14
23
23
24
11
19
7
13
14
14
24
9
10
21
19
13
15
12
21
8
19
9
9
13
6
7
12
23
22
11
9
13
5
8
12
17
9
23
17
15
23
6
8
19
16
18
15
23
9
20
12
16
5
24
7
12
17
18
24
12
16
18
24
24
12
20
6
16
17
6
18
12
17
17
24
20
22
6
22
24
5
20
9
23
20
20
15
19
15
22
7
6
18
24
8
9
11
14
19
17
23
20
9
6
8
19
18
7
11
18
20
21
15
17
12
14
7
9
10
10
23
16
8
13
6
17
18
23
13
11
13
23
16
17
6
11
23
9
12
6
23
15
6
9
19
23
12
8
5
12
22
18
14
11
21
8
19
23
13
22
