445
10
10
14
13
18
7
16
24
10
18
18
20
13
13
13
9
12
14
6
17
9
5
17
6
15
9
13
10
8
21
16
22
12
8
7
19
10
18
17
21
5
20
21
17
11
15
10
11
13
16
22
5
8
7
11
24
6
14
11
21
15
20
24
23
14
24
11
15
9
8
21
8
20
16
15
11
6
17
24
20
13
18
11
7
9
14
7
13
19
14
10
18
20
10
5
16
19
20
6
11
5
14
21
13
16
10
21
21
23
23
11
23
9
18
8
14
12
23
20
15
23
18
20
5
8
14
17
15
16
18
11
6
8
19
16
24
13
6
23
14
20
14
9
21
8
18
19
14
9
21
18
15
6
23
15
7
19
9
11
9
17
24
19
12
24
23
14
16
6
15
16
24
6
22
16
10
24
24
14
19
5
20
22
24
10
11
16
14
21
18
24
13
9
23
14
5
16
23
16
18
16
19
18
11
21
21
19
13
13
21
6
14
10
21
14
24
10
11
18
8
14
14
18
13
21
23
20
18
11
14
13
5
10
9
7
17
13
5
10
19
16
21
14
9
21
24
8
8
16
11
11
20
15
19
15
14
12
21
5
17
15
17
13
10
12
8
7
11
11
6
10
12
20
8
12
22
6
12
16
15
8
11
9
18
18
24
11
7
10
7
24
12
23
11
21
9
24
13
16
6
17
15
18
19
10
22
18
12
9
13
20
10
19
22
9
10
12
10
16
10
13
17
22
22
14
20
15
22
19
12
17
17
20
16
6
9
10
11
17
18
10
15
22
21
17
6
7
13
22
19
24
24
7
9
15
23
10
13
21
20
20
14
13
8
13
10
18
10
11
11
9
7
6
11
17
20
17
10
22
21
10
15
14
8
16
14
23
11
14
17
7
19
13
9
13
11
18
8
11
9
6
21
21
8
23
9
6
22
7
13
24
24
18
9
6
20
5
15
21
23
10
13
15
13
6
6
16
18
9
11
16
19
6
19
7
14
18
11
11
15
5
16
11
21
12
13
