545
10
7
18
23
8
6
8
11
21
17
9
5
10
14
13
13
7
23
10
16
23
16
12
24
12
5
17
16
17
21
15
17
24
5
21
22
5
12
7
10
16
8
22
15
15
9
5
9
8
7
14
6
14
7
16
5
19
7
22
9
19
19
13
11
11
23
12
12
13
13
21
17
15
21
11
6
7
10
7
22
19
21
24
13
22
16
21
12
11
20
9
13
17
11
13
15
13
21
22
5
14
16
21
16
6
11
9
9
9
8
5
11
14
17
23
9
13
16
9
16
6
20
6
24
13
8
9
15
19
11
11
6
20
14
15
19
22
10
19
24
6
11
9
6
11
6
20
19
20
11
13
6
23
18
22
16
17
23
6
9
12
14
20
14
12
22
14
9
9
18
14
15
18
20
16
5
17
14
13
6
7
20
5
14
11
8
13
19
17
11
20
14
16
8
16
17
10
18
8
16
17
23
13
22
13
19
10
9
23
8
17
18
21
19
21
8
8
5
21
8
11
6
19
22
11
18
11
15
18
18
15
10
21
9
20
18
22
19
11
5
20
20
5
20
11
10
21
7
11
5
9
24
5
12
7
20
13
21
6
21
15
11
16
24
5
24
12
22
14
17
15
15
13
14
16
22
5
6
20
24
17
16
14
14
7
6
24
13
14
23
16
18
10
24
15
21
10
12
9
19
24
24
10
21
7
10
23
23
6
14
24
15
21
6
14
14
6
7
22
9
19
10
22
6
19
14
20
11
10
21
13
15
17
9
15
24
15
8
20
20
23
7
7
20
19
12
21
16
6
16
20
8
10
8
23
13
13
9
15
12
11
15
6
24
17
11
8
16
20
16
14
10
7
16
11
15
15
20
17
12
23
21
12
14
13
19
20
24
9
24
16
5
7
22
16
13
11
19
23
16
9
14
14
10
19
18
22
15
21
23
17
7
16
9
12
6
7
17
12
22
18
19
19
13
20
18
6
23
20
8
22
5
12
10
11
20
11
20
17
17
22
21
6
20
6
13
6
10
20
12
7
11
9
12
24
18
5
7
8
9
8
19
19
11
21
24
22
10
23
20
17
21
12
14
14
24
5
12
8
16
8
22
14
24
6
16
10
22
10
14
19
7
10
19
11
10
6
20
10
6
22
6
16
19
21
18
9
18
24
10
11
12
12
13
20
24
21
9
19
14
16
17
14
21
7
13
18
22
20
14
7
15
13
11
23
14
12
22
18
21
20
5
23
12
14
12
