520
10
15
23
22
20
13
17
17
21
21
12
8
16
17
19
9
24
10
7
14
5
22
13
19
9
12
14
16
24
24
19
10
19
14
16
6
15
13
13
10
6
13
9
21
11
6
19
24
24
20
6
6
13
11
20
8
16
24
15
9
23
23
12
5
6
13
14
23
18
18
24
9
15
11
11
20
15
12
19
9
20
8
7
5
16
16
11
6
11
24
15
22
10
10
15
17
19
15
8
9
22
14
13
14
15
5
18
24
17
24
18
8
23
22
14
15
6
6
16
10
12
14
18
7
24
11
12
9
14
18
14
11
6
15
5
8
13
12
22
7
8
17
5
18
18
22
16
19
5
15
21
23
5
19
24
20
9
20
6
10
15
8
12
11
18
5
12
23
15
19
15
12
17
23
11
18
6
24
20
19
16
22
18
18
24
10
17
10
18
9
10
7
18
18
10
16
15
11
14
8
19
12
14
22
11
14
22
9
17
23
14
6
8
11
21
18
11
5
6
11
18
8
12
5
18
20
17
18
17
13
14
19
18
17
17
19
15
15
20
23
12
8
22
24
23
7
24
12
11
18
14
20
10
19
15
15
5
9
19
21
22
15
13
7
12
19
6
10
20
9
17
19
7
15
24
9
12
17
19
15
16
22
17
13
17
21
12
22
21
10
6
13
8
5
10
24
17
18
8
7
18
24
22
10
18
16
16
21
20
17
16
21
14
8
23
15
16
6
15
6
23
19
17
14
23
16
18
24
17
22
7
6
14
8
15
7
9
14
7
12
6
11
17
10
17
22
16
24
10
15
19
14
24
12
8
20
6
23
17
24
16
14
15
15
7
18
20
15
15
22
7
10
11
24
6
19
5
22
16
10
23
15
5
10
22
5
7
7
5
19
19
10
22
15
17
14
21
17
20
9
10
12
18
11
10
15
8
11
21
5
24
7
20
18
12
19
14
9
11
11
5
22
11
18
14
17
23
10
9
18
20
21
20
20
15
7
19
24
23
7
11
19
10
16
16
21
10
13
20
9
14
20
17
14
21
23
22
24
7
21
14
23
8
17
11
6
10
10
23
12
7
7
22
8
16
18
7
14
12
11
20
9
18
10
5
6
19
22
24
11
24
14
9
14
15
15
17
13
16
16
21
14
15
22
21
7
9
16
14
23
9
21
18
9
22
13
18
15
7
7
22
