500
10
21
11
17
6
21
11
5
23
5
18
7
16
19
9
8
14
5
20
10
20
10
15
21
24
21
19
17
23
13
6
21
17
10
18
19
23
24
17
8
9
13
10
7
24
6
8
10
12
7
16
6
12
24
22
21
11
9
5
21
19
12
24
15
21
10
16
5
11
24
11
17
18
6
23
12
9
15
5
12
19
11
10
15
5
17
16
24
7
11
22
23
5
24
5
17
16
6
11
6
7
15
21
12
7
6
21
17
9
19
23
9
23
7
6
5
12
17
24
12
18
15
6
16
10
21
9
9
9
9
13
11
21
22
8
17
24
7
24
7
23
17
7
24
11
9
8
21
8
21
15
23
6
9
17
7
9
6
21
5
6
19
16
11
7
12
12
16
13
24
5
9
12
18
13
22
17
8
8
22
9
13
8
18
24
22
15
13
10
16
17
7
21
20
14
18
13
15
24
5
9
21
10
23
14
18
11
20
19
5
14
13
15
21
16
21
20
16
5
13
9
10
16
21
11
24
13
21
5
8
13
7
6
14
8
10
24
16
20
8
14
18
22
17
11
16
10
12
6
13
13
20
11
6
7
20
8
16
15
23
21
6
14
20
10
12
19
17
10
9
6
23
21
16
20
22
24
23
15
15
13
24
12
12
15
21
21
12
11
18
18
16
20
7
11
6
22
21
24
20
13
5
17
21
10
24
13
9
11
5
15
6
19
5
18
8
5
18
15
17
10
24
5
13
23
20
14
6
5
23
21
16
24
19
10
22
19
17
15
21
22
11
5
5
22
16
24
5
22
7
16
7
19
5
11
6
17
8
12
5
17
8
15
17
19
12
9
18
9
23
7
11
15
21
17
12
23
10
20
5
8
17
13
22
19
17
18
6
10
17
24
13
12
22
19
22
15
16
9
21
12
18
21
22
9
18
20
22
5
17
24
8
18
15
9
9
9
24
5
13
6
24
8
23
23
17
19
11
18
22
22
14
23
6
22
22
21
15
18
21
6
15
14
21
13
7
21
6
15
19
24
19
14
24
8
11
18
7
13
20
22
11
9
11
8
16
12
8
5
24
18
19
24
7
23
24
23
18
8
23
23
12
23
5
8
6
5
13
16
9
7
6
15
7
14
6
17
22
12
7
15
