540
10
22
9
10
16
14
7
10
17
15
6
16
22
13
5
9
6
17
21
14
8
18
8
16
12
18
15
12
6
13
23
5
6
16
13
23
10
20
23
12
13
18
8
23
9
12
15
14
21
21
15
14
21
17
16
9
22
16
17
14
17
24
8
8
20
19
14
22
22
24
12
17
5
11
11
13
10
20
11
6
24
24
21
17
5
22
18
10
6
13
20
9
9
19
23
18
6
23
17
19
15
17
24
17
9
22
21
22
21
19
19
17
12
6
5
21
24
7
13
5
7
6
6
5
9
19
5
13
22
8
16
15
5
23
8
15
17
6
5
11
7
20
16
17
13
14
5
5
22
19
14
7
14
15
5
19
6
10
18
13
17
5
21
24
21
6
11
7
9
12
23
6
23
11
14
23
23
13
23
12
16
19
5
14
20
7
15
17
14
22
21
23
7
11
19
19
18
19
11
6
5
12
15
16
14
20
24
22
6
20
13
16
10
22
14
22
19
8
6
20
24
14
15
23
11
18
6
20
5
12
21
24
5
10
6
14
11
24
11
23
22
20
14
16
10
8
20
19
20
8
17
9
22
15
12
8
15
22
10
16
17
8
12
20
12
22
18
6
18
22
10
13
10
12
18
12
11
5
8
19
19
8
12
6
12
20
11
14
22
15
23
17
18
20
22
18
16
15
5
5
8
15
14
5
12
7
10
15
18
18
13
5
20
24
11
17
14
9
5
6
19
20
17
20
13
10
8
23
11
10
22
24
13
21
11
22
22
8
8
11
5
9
16
7
7
19
7
8
21
14
6
16
16
18
5
22
9
13
5
7
6
19
13
13
19
14
24
22
14
12
14
15
20
21
21
9
20
11
22
17
13
15
17
19
15
5
14
9
7
5
10
13
6
6
22
18
8
14
10
13
18
15
19
7
9
15
11
12
10
18
6
14
17
9
15
16
5
13
8
22
18
15
11
14
5
23
9
21
20
7
5
24
11
16
19
15
23
13
7
19
19
17
6
5
17
15
24
14
15
17
15
6
18
13
15
21
20
13
11
16
10
19
5
15
5
8
22
19
7
22
21
19
21
19
10
12
9
18
11
22
23
18
19
19
12
18
15
15
15
13
6
22
18
21
13
9
12
8
8
23
11
10
24
8
18
14
10
17
10
13
5
23
22
8
20
23
19
19
23
15
17
15
12
22
9
13
17
22
16
22
14
7
19
5
9
9
16
16
11
23
20
