580
10
14
6
19
14
23
10
15
20
16
24
19
9
19
23
10
7
11
8
24
11
12
7
11
15
21
6
6
18
22
6
14
9
24
17
14
10
15
7
5
17
14
21
15
6
10
24
24
21
21
15
7
10
6
19
18
5
23
20
8
7
5
20
11
24
24
21
8
13
11
8
22
22
20
5
18
8
6
7
11
24
19
20
13
11
9
14
20
18
5
21
22
23
20
5
13
11
21
13
7
20
23
18
8
23
16
14
20
18
20
20
23
12
9
8
14
9
7
8
7
17
24
15
21
6
5
11
13
17
5
22
9
19
20
17
19
9
23
24
21
14
15
23
13
9
22
15
8
13
19
14
10
10
19
7
5
19
10
17
21
15
21
19
12
10
20
18
18
7
24
24
9
22
10
8
20
19
12
12
22
8
18
22
10
14
11
12
10
15
14
14
21
8
20
21
9
20
21
15
5
9
20
18
8
19
23
16
17
19
24
15
20
15
18
17
13
24
20
19
11
18
13
8
23
12
16
11
20
14
22
21
13
7
19
9
22
9
14
13
7
17
9
17
9
21
9
8
15
12
6
15
22
12
23
18
22
15
18
14
17
16
7
17
21
14
8
13
7
11
13
8
6
15
5
14
7
24
17
13
19
22
20
17
14
16
17
8
7
21
21
13
20
14
17
9
14
13
20
7
6
15
21
21
19
19
13
17
20
21
8
22
9
23
18
12
22
19
13
14
20
15
14
13
21
15
14
11
19
20
10
19
8
19
19
17
21
8
8
15
10
24
9
17
10
10
22
10
20
17
5
15
9
20
5
22
24
21
20
21
20
24
20
16
6
16
10
14
13
6
15
7
23
17
20
20
17
23
10
23
18
6
16
21
8
5
17
10
13
10
13
13
10
8
16
23
18
13
18
14
6
14
14
5
16
20
18
17
18
22
7
20
13
18
10
11
12
13
11
20
15
11
7
9
24
20
22
11
13
12
11
11
24
10
12
23
9
24
9
18
18
12
20
17
13
12
23
17
22
20
7
22
24
16
17
11
7
20
23
17
15
11
17
19
12
9
22
18
14
10
19
17
5
16
10
5
14
9
15
7
12
22
20
13
10
12
20
10
14
21
15
20
24
11
24
20
21
12
8
5
11
18
23
8
5
11
13
16
20
17
11
21
6
7
7
16
22
8
22
17
5
18
18
9
12
12
13
12
8
13
21
14
23
19
13
6
12
19
24
23
23
24
17
7
7
20
8
11
8
12
9
22
13
7
19
12
23
6
14
5
20
7
22
5
8
7
9
7
10
18
20
6
11
13
11
22
15
24
6
19
24
8
