585
10
18
23
20
15
14
10
11
11
23
11
15
8
24
6
17
7
9
15
22
23
15
14
6
23
6
15
6
8
24
14
5
8
18
11
17
9
7
5
6
13
17
11
13
16
9
8
15
16
11
24
9
5
7
16
24
10
14
17
18
22
24
18
7
16
16
5
15
7
10
5
5
18
5
17
21
5
16
16
18
8
8
8
14
8
5
21
16
5
15
24
13
16
19
18
13
22
17
16
20
9
5
16
20
9
7
18
24
24
21
24
7
24
23
16
21
18
14
13
11
21
10
21
19
8
23
17
14
13
15
6
13
15
17
17
19
15
18
10
9
23
20
19
13
20
9
8
5
18
6
15
20
6
9
6
7
24
7
16
14
11
18
9
22
22
14
13
19
24
6
13
10
16
14
23
16
15
22
12
16
24
22
7
11
8
16
16
19
6
14
10
9
21
21
14
19
24
17
10
6
7
12
19
9
10
13
8
21
11
9
11
24
20
16
5
5
18
14
18
13
12
10
15
20
10
5
22
11
11
12
15
19
13
8
24
16
13
14
22
7
13
6
11
18
23
5
18
21
5
20
22
6
13
18
16
10
24
17
7
19
14
12
21
19
18
13
16
15
9
13
10
22
24
6
23
5
15
6
18
19
12
9
11
17
5
5
8
23
16
6
10
7
17
14
23
16
21
15
10
12
6
23
20
6
6
13
14
18
10
13
16
7
24
14
5
16
5
13
20
8
13
8
23
7
20
12
22
9
7
11
16
13
20
14
7
8
20
14
10
18
11
8
24
10
21
11
15
9
23
9
7
16
8
5
6
15
8
24
21
10
24
5
24
19
8
11
19
7
13
10
5
19
18
17
23
15
10
7
10
5
13
9
13
7
9
8
6
10
15
20
20
12
11
16
20
22
13
7
16
19
6
20
24
9
19
18
20
14
5
10
19
16
18
17
23
5
7
23
5
9
7
10
24
18
5
9
6
6
23
8
15
21
11
13
15
18
10
17
15
15
19
13
16
9
6
21
12
23
11
10
21
8
15
12
20
16
6
7
11
19
10
24
16
12
15
20
14
20
8
8
21
15
11
7
6
10
13
13
13
20
13
18
8
11
11
24
17
18
13
11
23
12
10
9
14
20
23
10
13
20
7
14
14
9
11
14
21
17
11
5
5
20
16
23
24
13
23
5
6
5
15
8
10
10
15
17
21
17
7
18
12
6
13
18
12
6
7
11
21
19
5
17
20
24
21
12
7
7
12
6
19
20
15
11
16
17
14
6
18
24
6
5
15
22
17
10
5
20
13
8
10
24
13
21
15
7
24
17
11
5
20
21
21
15
23
7
