575
10
9
12
21
7
17
17
24
22
22
12
15
24
5
15
10
13
15
15
12
10
12
17
17
9
21
15
23
17
13
19
21
18
23
16
21
9
22
10
24
17
10
12
21
12
24
24
11
13
16
19
7
11
11
13
21
19
5
15
15
21
20
16
13
17
12
5
16
22
14
9
15
23
8
10
11
12
24
9
23
12
5
7
20
9
23
20
14
10
9
16
9
18
14
21
22
6
13
16
15
5
23
13
19
8
8
6
6
11
9
17
22
15
21
9
6
18
9
6
16
10
6
21
13
21
15
12
12
9
17
24
6
14
8
24
22
24
22
9
18
14
23
7
24
11
20
7
6
5
6
21
5
19
7
7
21
5
7
15
8
18
21
5
16
11
21
8
23
23
15
6
6
13
10
16
18
22
11
5
19
16
12
23
10
22
13
24
15
23
10
23
12
9
23
23
22
13
9
17
10
5
11
13
23
23
13
12
6
14
5
21
14
15
16
18
12
17
11
10
16
10
11
20
22
22
6
15
15
11
9
5
15
14
5
23
8
8
10
7
22
9
6
5
7
23
21
12
13
17
10
8
7
11
8
13
9
5
19
12
13
6
22
14
6
14
17
23
22
21
7
24
21
17
11
12
18
16
5
17
15
22
5
15
9
9
11
15
9
18
5
18
9
21
14
13
8
9
16
9
17
22
6
12
15
24
12
14
14
9
19
7
13
16
20
10
18
21
21
23
6
9
9
21
14
18
6
10
23
11
21
17
5
10
5
7
20
12
23
20
16
11
10
16
20
19
20
5
13
10
22
22
12
18
6
14
22
21
10
5
5
5
8
20
17
10
5
17
21
23
19
9
11
9
8
9
22
8
20
24
23
17
11
7
24
9
20
8
18
15
6
21
21
13
18
5
6
17
10
13
20
19
17
21
8
20
15
14
8
13
16
16
20
14
14
9
13
18
24
23
13
23
14
24
7
24
22
20
11
12
12
21
19
23
23
24
15
15
9
15
11
7
21
15
23
12
16
7
22
9
13
24
16
14
10
8
15
11
21
14
6
22
11
23
9
22
8
19
8
23
16
11
18
7
7
20
5
15
20
6
21
7
24
10
19
20
17
10
18
8
6
6
16
16
19
20
22
14
13
17
14
19
21
7
9
11
12
16
10
24
20
10
18
22
12
17
18
24
13
13
22
8
21
12
16
5
19
19
10
14
13
18
5
24
20
15
12
8
23
9
5
23
23
6
23
19
5
5
24
23
5
11
13
20
23
12
8
6
21
6
10
14
13
7
11
5
17
23
11
7
9
10
19
15
8
15
13
