550
10
6
7
24
23
22
11
19
8
10
15
6
13
14
17
17
15
17
9
10
10
19
17
11
5
7
10
14
6
14
21
24
10
9
22
16
23
21
14
19
18
17
5
9
6
6
18
21
23
23
12
17
16
10
15
21
6
11
24
19
5
5
18
17
13
23
21
24
23
10
5
24
20
24
8
24
11
12
21
8
19
6
16
18
11
9
12
7
17
14
5
7
6
20
11
23
8
13
20
15
23
20
20
7
21
15
23
16
9
13
6
22
16
10
11
24
7
12
11
9
14
23
8
24
9
7
8
6
8
21
11
17
13
24
5
17
7
11
24
5
19
9
23
19
10
8
11
20
13
6
9
10
17
6
7
12
19
16
8
6
24
13
22
7
23
22
5
8
20
10
18
10
17
7
7
15
24
18
18
17
12
16
13
12
5
15
9
15
15
5
12
7
7
19
21
12
8
21
22
13
21
14
16
7
24
8
16
13
24
10
19
11
12
6
20
5
15
14
13
12
5
6
11
21
12
9
12
9
13
18
20
24
17
10
8
21
23
7
22
19
12
7
13
15
22
23
6
19
19
12
13
15
22
9
22
11
24
18
15
13
16
13
22
13
10
22
21
7
10
9
10
23
5
21
18
20
5
24
22
16
13
23
20
21
24
20
16
7
15
7
18
8
11
9
13
16
6
14
7
21
21
22
11
7
10
21
5
7
9
17
24
6
12
17
14
21
9
11
10
19
16
10
6
23
9
19
20
20
10
18
22
20
9
10
15
21
21
5
5
11
14
21
5
23
18
13
15
12
5
20
19
24
21
21
5
18
15
10
16
23
9
11
6
15
13
20
19
6
16
15
20
13
9
13
5
20
5
7
11
13
6
5
8
14
16
14
12
15
16
12
24
20
5
19
10
15
9
21
5
11
8
22
5
12
5
9
19
9
10
11
18
24
10
22
8
13
10
7
11
16
20
7
9
22
20
20
8
15
6
8
13
14
9
6
16
8
10
12
15
18
8
5
23
6
8
21
8
5
11
23
19
9
23
11
10
10
11
9
15
7
15
18
22
16
19
7
17
22
12
15
15
14
21
14
24
6
13
12
15
14
18
14
22
17
14
17
8
21
10
14
23
24
12
15
17
16
13
21
16
9
24
9
8
19
19
21
13
13
12
11
18
8
16
9
6
12
24
13
15
5
17
23
20
10
13
7
13
12
24
8
9
5
17
16
5
12
19
21
20
6
9
7
17
15
22
18
5
15
13
11
14
