565
10
23
21
14
8
23
22
17
21
8
24
5
17
18
13
13
19
12
16
24
22
11
17
7
20
15
15
19
5
12
14
19
15
11
6
23
24
22
24
23
22
12
12
11
6
6
7
22
15
10
24
7
22
9
15
8
21
16
18
12
9
16
24
22
9
12
22
16
24
20
20
16
23
23
6
24
17
15
21
21
15
14
19
20
24
17
6
8
6
11
8
21
24
7
11
14
13
12
23
19
9
23
23
13
6
24
13
14
13
10
23
10
11
11
11
21
9
19
18
20
24
6
5
17
18
6
16
18
18
20
16
6
22
18
5
17
20
6
9
11
22
13
5
7
15
14
21
20
8
8
18
15
7
7
13
18
11
20
15
15
10
11
21
19
12
22
17
13
13
12
22
13
17
7
18
5
11
23
14
7
21
19
23
11
24
7
12
7
16
21
7
9
19
7
22
9
6
13
8
8
9
19
17
22
13
9
10
11
7
22
17
17
13
17
21
5
16
10
19
17
9
10
13
19
22
18
16
7
16
13
21
7
16
19
12
8
19
17
19
23
19
15
6
13
11
24
7
23
14
8
12
18
13
22
21
6
19
5
13
15
15
10
18
21
14
7
21
9
14
18
11
5
11
21
21
13
15
10
7
5
17
17
21
11
20
21
10
9
19
8
23
20
14
22
5
20
6
13
7
15
10
16
10
14
22
18
22
8
6
22
10
14
13
12
9
20
7
19
13
17
12
11
13
21
14
11
18
8
14
19
14
8
16
11
14
13
10
20
6
21
24
13
7
19
9
6
12
9
21
13
22
5
10
9
11
16
18
16
14
22
17
6
22
15
19
12
17
15
17
7
23
10
15
17
12
11
11
19
18
6
22
10
24
13
11
15
9
8
14
13
17
6
6
9
23
16
20
6
15
24
12
5
7
22
6
13
17
7
13
6
16
19
15
14
24
15
14
5
19
13
7
19
11
11
22
22
10
22
6
22
5
7
15
12
9
17
10
22
8
6
24
9
16
5
7
22
14
8
11
23
22
23
9
9
15
9
22
11
9
11
14
22
15
16
6
21
9
23
17
9
14
17
24
10
16
14
11
12
21
7
21
12
8
14
6
19
17
13
24
21
10
22
15
12
21
24
17
16
23
12
14
19
18
23
22
10
7
23
22
7
6
6
18
5
23
6
20
14
11
7
21
24
20
15
21
24
18
19
20
21
7
12
14
12
10
5
12
21
17
21
13
24
8
9
24
7
14
11
15
17
7
14
5
20
19
10
9
20
7
12
15
15
10
11
24
22
