505
10
9
12
14
6
17
15
17
16
15
11
17
6
17
9
17
9
5
10
9
22
5
15
11
8
16
19
7
14
10
24
24
5
9
22
19
17
16
17
13
15
5
18
18
20
7
9
17
16
20
15
18
9
19
11
21
15
22
10
8
21
19
12
8
19
8
6
9
13
11
11
22
7
19
11
17
22
13
6
9
14
19
14
22
14
14
20
22
6
5
6
5
20
22
23
12
15
8
7
24
8
23
5
21
22
8
22
10
5
6
12
7
19
22
17
13
24
10
19
8
21
20
14
15
13
10
21
9
7
19
13
16
10
19
19
18
11
15
8
21
21
18
19
24
12
9
12
8
16
6
13
9
17
13
6
21
24
12
6
15
5
23
24
18
13
21
8
13
6
6
16
11
13
15
19
23
12
20
18
22
22
11
16
22
8
11
15
11
18
11
22
6
11
10
5
13
11
21
22
17
11
8
19
23
10
6
16
22
10
15
19
19
5
24
17
11
16
21
20
18
11
16
12
21
19
15
8
17
24
16
20
19
22
20
7
13
20
17
6
19
20
18
19
23
14
5
24
23
12
13
6
13
7
7
10
21
12
5
8
10
22
21
9
15
11
16
23
17
18
24
16
11
5
13
8
15
17
16
13
16
12
22
24
20
9
14
7
18
18
14
13
9
15
5
14
13
23
15
21
24
9
18
16
18
14
12
11
10
5
14
20
12
12
24
23
11
22
12
18
24
10
5
24
9
11
24
16
21
9
9
9
13
21
24
8
20
21
24
6
12
7
18
16
16
20
23
5
7
5
23
12
10
22
21
16
11
8
17
5
10
21
10
11
16
17
13
17
8
12
23
8
22
19
5
11
24
17
22
13
11
23
24
14
17
24
24
21
13
7
16
6
13
11
10
16
14
10
14
19
23
9
18
18
22
24
22
20
7
9
15
16
11
12
14
22
10
23
5
16
9
11
10
11
6
15
12
16
10
8
14
23
17
10
13
15
23
19
23
22
18
6
13
24
7
16
5
21
6
6
24
5
7
14
23
24
5
9
10
5
12
22
18
19
14
22
9
15
22
20
20
6
21
11
20
17
12
10
10
15
12
20
13
10
21
13
18
13
9
10
11
18
20
9
22
11
13
5
24
23
13
6
14
17
12
12
8
