510
10
13
21
20
13
19
16
9
16
19
17
7
10
10
18
19
19
20
19
24
19
12
9
15
13
18
11
21
15
24
5
21
6
7
8
17
6
24
5
19
20
7
14
23
8
22
22
16
5
24
10
8
20
10
24
18
12
23
9
24
12
12
8
17
8
18
9
21
19
12
12
15
19
17
6
5
17
24
21
24
7
15
17
14
9
14
20
21
24
20
23
21
11
20
20
11
16
18
19
17
6
8
20
6
8
18
11
11
7
22
19
23
10
17
15
9
7
11
7
12
13
14
22
21
12
22
8
5
9
11
10
13
15
17
15
7
13
17
7
13
11
18
24
6
8
19
8
10
5
15
14
8
19
11
20
15
22
24
6
8
21
7
18
24
23
9
7
6
17
19
6
9
12
14
7
19
14
24
5
9
24
17
16
15
10
6
19
8
5
20
20
5
19
15
16
15
18
13
17
15
20
23
10
9
24
23
17
24
8
9
12
9
15
12
19
23
9
20
11
24
19
15
7
11
23
13
7
18
7
5
13
22
10
17
17
9
7
5
10
8
19
17
12
7
23
14
9
15
10
15
14
10
17
13
19
6
9
16
11
20
19
21
19
19
15
6
10
18
10
12
22
19
13
9
18
11
15
17
19
10
16
23
14
8
17
10
8
14
17
21
9
6
21
21
18
19
23
5
18
8
12
8
24
9
23
20
24
8
12
10
13
23
11
11
22
11
23
10
13
15
14
23
19
11
13
20
16
24
22
23
7
15
10
21
18
22
14
10
20
23
6
13
7
23
15
15
10
22
18
21
15
21
22
7
7
9
9
8
7
24
8
7
15
18
12
11
6
15
20
12
17
7
7
10
8
19
9
8
11
11
23
6
6
13
8
24
9
21
10
7
19
6
21
13
6
22
13
21
5
15
19
13
20
6
18
9
5
20
11
9
12
23
21
23
18
18
8
14
15
14
15
11
10
22
17
14
10
7
5
21
18
13
9
9
11
9
17
10
18
9
18
18
21
17
13
10
22
20
22
14
19
14
22
10
6
9
8
5
5
12
21
21
7
19
20
5
13
11
5
9
19
9
6
20
19
14
18
13
24
7
6
19
20
18
19
21
20
5
19
7
22
10
17
11
18
24
10
5
22
10
21
22
11
14
23
19
24
18
5
6
10
