590
10
12
16
21
9
13
21
18
10
9
15
18
11
19
9
18
10
23
13
10
23
16
5
16
20
11
11
11
8
14
7
20
18
7
22
11
21
6
20
24
10
14
14
9
14
5
15
17
19
23
18
16
22
8
9
11
19
5
19
11
20
12
11
17
15
21
14
16
8
13
13
17
20
11
13
5
21
11
6
17
5
6
6
24
5
20
15
19
8
20
5
14
6
22
15
20
20
12
16
23
21
15
13
14
10
10
7
16
10
11
19
6
18
22
7
13
5
16
7
9
12
8
16
23
13
10
22
18
9
21
24
6
12
7
23
10
17
24
7
19
19
15
14
22
8
13
19
19
21
12
11
5
7
9
16
18
9
15
6
23
10
19
23
16
14
9
21
22
21
13
23
19
8
11
7
20
13
24
12
22
5
5
21
18
13
11
5
19
7
14
9
6
11
8
11
21
6
9
24
6
22
16
11
14
16
17
9
14
23
7
5
14
18
10
18
5
6
9
19
9
10
10
7
24
20
10
6
21
5
24
16
21
12
19
13
17
23
15
17
20
19
10
7
7
12
12
5
5
10
24
19
14
10
7
5
24
12
22
15
12
22
17
24
7
10
20
10
5
18
5
11
23
13
16
12
5
21
21
23
15
24
12
11
21
20
21
11
19
5
16
14
23
5
16
13
21
22
11
7
16
20
17
22
11
13
18
18
20
23
23
24
22
10
17
17
6
16
9
5
24
9
23
15
12
15
22
23
11
6
6
11
24
5
5
19
15
23
20
11
13
22
9
19
15
10
15
12
21
12
22
22
12
5
21
6
20
19
10
17
8
8
12
18
23
6
20
9
15
19
6
17
6
9
8
9
13
18
5
8
6
14
12
19
6
14
8
15
15
22
8
8
12
18
12
16
15
15
6
17
8
5
7
15
20
24
7
14
9
24
16
13
6
6
7
7
15
22
5
19
13
19
24
19
16
9
23
17
15
11
24
19
18
16
5
17
15
16
18
6
11
17
20
11
15
11
24
15
10
22
8
21
10
18
7
15
16
18
24
10
14
14
21
19
12
14
6
12
11
20
13
24
5
5
5
19
18
9
14
23
12
6
24
5
7
20
12
24
11
15
9
17
6
8
13
12
7
9
7
18
5
9
21
24
18
16
14
20
19
9
9
23
13
14
10
15
18
16
7
6
14
9
20
8
22
22
16
11
6
14
11
17
7
18
5
24
16
14
8
13
10
10
14
18
12
9
22
7
8
7
9
20
24
23
6
10
13
12
11
15
10
18
12
12
14
11
13
10
19
23
19
12
11
5
20
9
5
5
20
21
18
20
9
15
14
11
7
11
9
16
13
5
