525
10
16
20
12
22
23
6
5
20
17
20
21
20
13
16
10
15
19
6
13
18
12
20
11
9
19
13
5
17
21
9
9
5
12
11
14
23
10
24
24
21
17
8
12
9
11
11
17
13
23
10
15
15
6
15
6
21
16
11
17
17
22
8
10
17
13
16
5
22
23
9
12
18
7
22
10
24
8
22
12
16
13
24
17
20
6
20
10
11
8
6
22
13
24
13
12
16
23
13
23
10
17
22
16
19
22
22
18
9
19
10
15
23
15
22
19
8
15
10
6
7
15
16
20
5
5
21
20
13
5
16
19
7
20
19
6
23
11
8
18
17
8
7
17
24
15
19
9
24
22
6
11
5
7
11
6
14
19
23
14
22
24
8
20
22
5
11
10
20
6
24
5
12
11
24
23
5
14
19
24
7
5
8
16
13
14
22
14
11
17
17
9
13
16
6
24
22
6
7
21
12
23
7
19
20
9
10
24
24
12
6
10
22
11
7
18
23
5
9
15
24
23
16
17
16
13
20
10
20
6
11
7
20
14
12
8
20
5
9
9
23
20
9
20
16
8
24
8
14
24
17
17
14
22
23
19
17
23
15
21
23
22
10
7
24
14
15
11
5
15
16
13
20
8
6
14
5
24
15
15
20
15
20
24
20
5
16
23
5
21
12
7
7
12
17
5
12
12
12
14
5
24
12
5
5
22
7
21
14
16
23
6
12
6
8
24
11
24
12
8
20
24
6
7
17
19
20
10
24
12
19
16
8
23
13
8
7
11
23
7
14
15
5
14
5
16
19
5
18
24
10
14
10
16
9
5
17
15
10
10
24
10
16
21
24
20
6
19
18
19
22
17
13
14
17
10
8
10
11
11
5
12
23
14
19
12
17
5
13
8
20
8
24
13
20
9
8
15
8
13
10
21
16
12
16
7
18
19
6
20
16
14
5
8
15
8
23
6
22
15
24
23
21
5
24
10
13
12
17
13
23
19
19
18
17
18
6
20
5
9
21
5
16
18
22
20
14
23
18
8
8
7
23
19
7
20
19
17
17
18
5
21
22
9
8
15
22
20
12
20
21
15
22
19
24
11
10
17
19
8
16
15
20
12
20
8
23
6
7
6
19
23
24
23
18
10
11
21
21
23
9
12
19
5
21
12
17
9
15
18
23
22
20
11
21
24
18
23
12
10
22
21
11
8
12
20
