555
10
9
14
24
23
24
22
19
20
17
9
21
14
11
19
14
21
17
13
17
20
16
17
9
7
22
18
15
7
20
8
13
15
7
18
7
19
14
20
17
24
6
20
9
10
14
5
23
5
21
10
7
16
11
21
14
24
21
23
9
14
5
12
6
12
14
9
9
18
9
14
17
10
14
23
17
21
22
24
6
21
21
23
17
23
23
10
9
10
24
17
11
10
14
7
20
16
12
14
5
19
21
8
21
16
17
22
15
19
20
19
10
21
9
14
24
7
23
5
11
21
20
18
11
16
18
24
13
13
8
19
16
18
17
13
22
24
20
5
22
13
12
15
13
13
10
22
7
7
9
6
9
12
6
21
13
18
14
15
6
8
14
11
21
8
10
10
16
24
10
17
15
13
13
15
22
12
7
23
15
19
10
8
21
16
17
6
24
10
22
13
11
9
6
22
8
8
24
15
8
10
18
12
5
21
24
24
20
8
23
17
23
11
21
23
8
5
17
16
16
11
17
14
12
16
12
20
10
18
22
11
20
10
14
15
21
9
24
9
24
11
8
16
24
24
23
21
22
10
22
13
6
18
12
13
13
12
9
9
10
22
9
14
8
10
22
19
9
11
7
11
15
18
17
16
20
9
16
7
18
9
24
24
5
22
7
11
9
23
12
17
13
5
20
13
14
8
20
6
8
9
18
13
11
24
11
13
10
7
24
19
18
24
24
17
17
15
5
7
18
11
5
16
22
22
9
15
17
17
5
22
11
23
16
12
21
15
20
7
15
24
22
13
13
24
8
16
7
5
15
18
14
8
11
18
5
5
5
5
21
17
22
9
9
19
23
16
9
21
14
14
22
22
22
12
6
5
18
17
15
5
8
15
15
12
17
7
7
11
11
11
17
20
22
17
11
7
16
12
23
23
11
14
8
20
10
5
11
10
21
20
23
10
5
23
23
21
16
16
19
15
13
24
23
5
13
12
20
6
15
9
6
12
13
20
19
19
20
20
14
21
9
5
22
8
10
17
7
20
13
7
14
13
8
5
9
21
19
8
20
16
23
10
20
18
19
22
6
14
9
23
17
8
6
16
13
19
7
22
19
9
9
17
23
5
20
13
20
12
8
11
8
6
5
15
8
7
13
13
18
9
12
17
6
20
24
17
18
16
23
18
16
8
23
6
18
20
12
8
20
14
9
23
11
11
8
13
17
24
12
5
6
16
6
24
6
8
8
5
16
18
19
12
7
9
11
15
12
17
9
16
21
19
24
15
17
