560
10
15
13
13
21
19
21
10
7
12
18
12
14
15
9
9
18
9
19
15
5
17
22
21
17
14
10
13
11
18
5
8
21
5
10
14
9
21
5
12
14
10
21
16
9
22
14
16
12
6
17
12
7
8
23
14
8
19
6
11
16
16
7
13
16
16
5
7
7
18
20
22
18
10
10
6
14
21
10
24
10
23
11
12
12
21
12
17
6
7
10
18
22
18
19
13
13
23
18
19
13
24
21
8
24
9
10
11
18
13
19
13
14
7
9
23
9
8
6
15
17
8
15
10
12
14
5
8
14
12
10
7
5
20
16
9
12
5
10
10
19
22
23
11
5
6
14
22
9
24
12
10
11
17
6
13
7
8
20
21
15
14
15
5
6
5
14
19
22
20
24
11
11
24
10
6
22
16
8
8
21
6
19
23
21
14
21
10
22
22
17
18
10
18
18
13
21
17
23
24
17
16
17
7
10
18
5
5
11
22
18
18
7
5
18
22
15
16
17
14
9
6
15
17
21
14
20
13
24
17
10
14
10
11
6
5
10
8
19
10
6
18
24
19
5
10
10
19
24
9
23
19
20
20
6
20
21
24
11
16
21
12
20
11
13
20
13
22
5
16
17
23
16
22
22
23
10
5
23
5
6
11
21
17
7
22
19
21
10
23
24
11
8
23
8
8
18
15
24
13
19
8
22
13
17
21
12
15
11
9
12
22
11
8
13
10
23
6
6
10
20
14
12
8
23
10
23
9
16
17
17
7
14
13
11
5
20
15
10
22
22
23
17
21
16
10
14
13
16
16
22
5
11
8
5
19
12
8
20
6
21
12
18
7
24
10
8
21
7
12
8
21
9
11
11
21
12
16
23
15
8
17
12
7
10
6
21
23
18
22
24
11
11
6
14
21
12
8
16
22
8
12
14
19
23
24
6
7
9
11
10
6
17
9
8
16
6
9
10
24
18
12
6
20
7
5
24
18
6
7
11
12
8
11
20
8
17
19
21
24
9
21
10
14
18
8
12
24
19
22
14
18
14
17
19
5
24
11
18
17
15
10
23
6
15
6
18
13
18
12
20
10
21
15
22
22
7
21
19
6
24
23
23
23
24
10
18
9
24
16
23
10
6
6
21
22
8
12
20
9
22
18
17
10
5
10
8
14
8
17
7
8
7
18
11
16
16
11
16
22
17
10
10
10
7
19
11
19
12
13
14
5
5
14
9
24
12
21
23
10
6
23
24
17
6
14
17
11
8
11
16
18
20
14
5
21
11
8
21
8
11
