570
10
12
17
13
19
23
16
21
17
6
21
21
12
14
6
5
22
20
23
14
13
21
19
18
22
22
15
18
14
20
18
13
18
16
13
23
7
24
21
5
11
12
15
12
24
5
8
22
18
18
14
20
9
10
16
12
9
17
21
12
5
21
16
8
16
20
16
23
19
21
19
20
20
21
22
22
11
5
19
22
23
18
6
10
13
24
11
9
21
24
21
14
7
20
14
8
12
5
6
19
13
10
20
14
21
23
13
18
23
13
16
16
23
8
8
6
18
8
16
14
15
10
16
24
5
6
22
19
14
19
12
20
22
17
22
8
8
19
5
24
18
5
13
10
21
22
19
21
12
16
19
17
21
8
14
6
14
10
9
17
23
13
10
10
10
19
11
13
11
24
5
7
9
10
23
20
22
14
16
7
7
5
8
9
13
6
14
12
21
16
11
17
14
8
19
10
12
5
13
5
9
24
9
20
16
14
18
10
7
13
15
12
14
16
15
15
7
15
8
14
13
8
17
15
11
19
12
5
9
22
7
5
23
24
19
12
23
15
11
5
9
18
15
20
14
24
20
10
13
9
21
12
11
22
5
12
11
11
8
6
22
13
8
5
23
15
16
5
21
8
24
17
16
10
12
23
19
17
24
11
5
5
21
18
15
10
12
19
12
8
16
12
20
21
10
20
19
7
19
12
24
13
23
12
22
12
15
13
21
11
5
9
22
22
19
19
8
17
7
20
9
14
23
11
22
23
16
18
11
9
5
5
14
14
18
12
21
6
24
21
24
6
12
16
21
14
19
13
8
18
16
8
15
24
10
14
19
24
6
7
9
16
17
16
19
19
14
21
8
22
6
13
23
19
22
21
9
6
18
18
21
5
5
18
8
18
16
23
6
5
20
12
7
21
5
21
17
9
16
18
15
24
18
11
15
20
17
15
22
17
8
7
24
18
24
23
11
14
14
16
20
12
6
9
24
24
17
12
10
18
10
11
23
18
15
5
24
11
14
15
24
12
8
16
12
21
23
18
24
10
8
19
21
19
7
21
13
16
22
8
15
24
22
13
23
14
6
21
14
7
14
8
15
23
7
10
11
6
8
24
11
11
21
14
8
21
5
12
16
14
20
19
8
10
23
7
11
16
18
24
24
16
19
22
20
17
20
11
11
18
5
19
13
8
13
14
18
22
19
10
7
10
14
15
17
24
8
10
15
5
8
18
7
18
11
18
22
23
20
7
17
15
9
18
21
14
17
11
20
23
13
21
14
23
8
10
17
14
15
17
20
9
23
11
11
14
24
8
14
9
10
