595
10
23
11
23
18
14
19
15
19
24
5
12
22
6
11
19
23
11
23
8
17
6
7
20
22
13
6
10
22
22
9
13
19
17
21
7
17
16
24
5
24
20
15
8
22
23
18
16
9
7
16
16
19
15
15
21
24
17
8
16
17
5
15
15
18
8
5
8
11
5
24
7
12
5
9
5
19
13
18
9
7
7
18
11
5
5
16
8
8
21
8
10
15
7
17
12
23
12
22
18
23
21
20
7
12
20
8
24
22
11
7
15
5
16
22
24
21
24
16
16
8
17
11
15
6
18
14
20
23
9
6
9
19
21
13
16
23
9
20
18
14
22
17
22
23
5
11
21
17
13
14
14
6
24
8
9
19
24
19
22
13
14
21
24
5
11
5
8
17
8
24
13
13
24
24
20
22
24
14
9
14
14
18
16
14
7
8
19
6
8
18
14
17
16
24
17
22
17
6
23
6
16
20
6
17
15
12
11
17
10
22
15
8
21
12
9
22
6
22
8
6
10
16
13
20
11
15
23
13
18
22
5
19
10
13
12
11
21
5
23
8
14
20
9
10
13
16
15
16
24
11
9
5
10
13
11
9
14
21
21
24
14
11
15
15
9
19
17
6
8
11
23
23
5
23
5
18
22
18
10
12
22
6
23
17
21
9
22
20
10
11
24
17
5
19
21
22
15
13
8
5
15
19
23
23
23
20
5
6
16
22
10
16
7
20
24
11
9
8
24
21
6
20
13
9
23
16
17
13
13
8
12
23
22
19
16
7
7
6
7
11
24
5
8
22
20
16
9
6
24
19
9
17
16
20
10
16
20
21
21
7
10
15
23
5
14
8
9
11
22
10
20
20
16
9
24
9
13
15
18
12
17
20
11
19
9
16
16
13
9
13
5
20
24
18
15
11
21
6
7
20
16
20
8
23
14
15
8
13
5
9
19
7
24
24
17
15
20
24
7
21
13
6
12
17
24
11
22
9
9
10
12
9
16
19
7
14
17
23
19
11
10
21
7
20
5
16
8
18
11
15
7
13
24
23
22
8
9
7
18
14
9
22
19
14
15
15
21
10
8
17
6
14
5
23
24
15
21
14
14
15
23
14
23
10
14
7
12
19
20
13
16
15
13
7
14
16
21
17
21
15
22
10
15
6
5
16
9
20
22
15
23
14
23
5
17
23
7
12
9
6
13
7
24
12
13
6
21
13
13
17
5
24
16
24
21
7
20
8
5
6
22
16
6
19
24
10
12
15
19
5
14
19
8
21
6
9
17
17
12
23
8
22
7
23
19
12
5
14
7
6
5
10
16
7
7
23
18
24
15
17
15
18
22
12
16
20
14
6
13
14
20
18
6
9
21
