515
10
15
7
10
14
16
16
7
23
16
11
5
24
17
6
20
16
21
10
14
10
24
11
14
8
11
8
6
24
9
7
5
6
5
12
13
5
23
18
5
21
12
7
21
18
14
20
18
10
17
5
12
23
7
21
14
7
10
8
5
7
15
11
10
17
12
17
7
13
19
16
17
19
11
20
19
22
13
7
19
9
23
18
14
11
9
24
14
9
17
21
12
21
20
10
17
10
15
20
22
23
9
6
15
12
15
13
20
8
18
14
20
21
5
23
7
23
14
8
16
8
11
18
16
16
10
23
17
21
20
12
15
10
19
7
20
22
17
11
5
12
9
10
8
14
17
11
21
11
11
11
9
5
6
10
22
19
12
19
14
8
13
24
14
23
15
23
20
24
13
23
16
12
15
19
8
8
8
22
23
21
19
7
24
8
16
23
24
19
19
14
17
18
14
11
15
9
12
24
22
9
7
22
22
5
23
13
23
14
9
8
21
12
10
5
14
5
14
9
7
7
14
15
6
15
17
14
15
12
11
20
22
15
6
6
16
9
6
15
10
10
14
22
6
13
21
12
18
8
12
14
24
16
13
23
24
10
24
10
24
9
22
12
21
16
7
13
16
23
22
6
8
22
9
6
16
10
23
5
18
21
5
11
17
17
12
18
24
17
8
20
19
23
19
7
7
22
10
22
24
20
9
21
6
16
11
10
10
23
24
16
10
16
6
13
12
6
7
7
9
18
13
23
5
15
10
6
7
19
19
17
10
19
23
21
24
6
12
5
8
7
12
8
15
9
24
19
11
8
11
15
12
10
11
23
8
12
9
5
22
24
17
23
12
20
18
18
13
9
7
19
10
22
24
6
5
7
8
8
20
18
7
5
8
5
21
16
6
18
14
23
7
5
14
6
12
8
8
23
13
17
10
16
24
8
23
14
7
8
5
11
18
21
20
11
14
11
21
6
13
14
8
9
7
6
16
16
12
19
12
17
9
18
19
24
6
14
5
23
21
22
22
13
8
24
5
14
21
8
9
9
11
19
8
7
17
7
19
20
15
7
6
12
21
20
23
24
20
12
19
10
20
14
6
15
12
19
14
9
18
12
6
6
18
18
20
24
10
23
9
10
16
6
11
19
20
19
14
22
10
17
20
23
24
9
10
18
9
23
23
6
8
11
11
24
24
