535
10
14
17
11
15
15
23
18
10
10
13
24
11
20
5
5
14
10
16
9
19
10
15
24
9
9
22
17
8
10
10
19
6
6
17
19
10
24
24
10
5
15
20
21
24
22
6
19
8
8
17
22
17
21
18
9
5
18
11
10
12
21
10
15
17
5
12
15
5
10
18
5
20
24
8
10
21
6
9
23
14
18
8
5
17
8
12
9
23
8
23
8
19
5
17
5
20
24
12
15
18
6
8
17
7
17
21
7
11
10
5
7
6
17
5
18
14
6
12
6
23
13
15
9
8
9
11
12
13
17
15
17
16
7
11
11
9
15
11
5
12
12
23
14
10
10
23
12
8
24
19
10
21
24
17
17
24
6
17
12
21
14
10
24
20
10
7
19
7
24
23
7
22
9
22
19
10
8
8
23
24
9
8
11
13
17
10
18
21
7
15
20
11
6
18
9
20
19
7
9
21
10
19
22
24
16
7
24
16
10
16
24
9
11
16
11
10
9
22
23
13
6
8
5
5
9
10
18
23
6
23
12
7
16
16
8
19
10
9
23
6
6
9
14
11
15
18
15
13
22
21
21
11
20
12
8
9
15
13
18
13
22
9
18
21
22
22
8
22
19
5
22
21
20
8
14
10
24
23
7
18
22
15
6
15
12
8
11
24
16
13
10
23
20
10
14
22
16
13
23
13
6
7
7
21
22
13
23
15
24
6
16
21
15
17
22
18
16
24
15
10
12
8
9
8
23
8
19
15
22
14
20
24
20
10
11
22
5
12
21
5
20
24
7
9
11
5
24
15
9
19
8
6
24
24
20
20
12
7
7
16
9
23
12
8
9
22
22
7
10
21
13
9
11
5
7
15
9
16
24
14
14
10
22
13
11
20
10
15
19
6
12
16
8
13
13
24
12
24
16
9
8
16
6
21
6
20
11
15
6
7
15
16
9
20
13
24
9
11
15
14
24
6
15
21
6
9
18
20
14
8
21
12
7
18
20
15
5
17
7
17
8
16
20
12
15
22
9
12
14
11
8
8
10
10
24
17
13
13
20
8
11
13
12
12
19
9
8
6
8
5
18
5
21
24
7
14
19
7
6
24
10
15
12
13
9
11
19
21
16
22
18
21
22
19
11
17
16
22
18
15
18
8
22
6
19
8
13
14
11
8
11
19
5
19
20
14
11
12
8
9
8
21
9
22
8
11
21
14
7
9
17
24
15
5
17
