530
10
24
12
14
21
24
10
23
7
24
8
7
11
19
11
24
5
16
13
22
10
20
19
24
24
23
9
11
18
7
17
17
7
10
10
22
18
24
10
23
12
8
24
5
6
7
17
6
6
11
13
11
21
23
11
17
7
20
18
22
18
23
10
13
8
6
18
22
9
10
19
11
10
11
19
19
13
15
5
20
13
21
22
6
5
9
18
16
17
6
16
7
20
16
10
11
18
16
21
24
19
10
5
22
9
17
9
20
23
23
19
11
22
19
12
13
17
16
23
9
13
12
19
11
16
11
22
23
8
11
21
22
22
16
19
17
16
9
19
18
9
21
22
23
17
5
13
18
14
23
19
15
13
24
23
20
21
11
18
14
13
24
8
22
9
9
14
11
9
20
23
8
22
7
15
7
6
6
22
11
6
18
14
19
11
20
5
19
23
24
17
16
14
7
13
10
21
24
17
9
10
10
19
6
18
8
18
19
9
24
16
14
16
18
7
20
9
5
16
5
15
14
24
12
15
12
24
20
8
21
13
11
9
7
6
8
22
21
6
20
9
13
10
17
10
22
15
18
21
6
20
16
16
13
11
19
17
15
6
14
18
12
6
12
20
7
12
14
13
24
20
13
8
10
20
14
12
22
21
15
16
13
13
22
14
6
17
8
14
23
9
10
22
6
19
16
8
5
9
24
12
23
12
11
12
10
22
7
6
6
19
16
6
20
7
9
10
8
11
24
22
21
19
22
8
6
5
8
13
18
17
10
14
10
14
10
15
19
24
18
18
7
6
8
11
24
14
23
19
8
13
6
19
21
23
9
13
17
8
20
7
14
17
24
11
19
9
9
7
11
14
14
13
20
5
21
7
9
7
10
10
21
14
19
12
6
9
10
20
13
12
19
14
17
11
22
24
20
13
5
13
19
5
14
17
13
18
19
6
6
5
20
6
23
23
22
5
18
13
15
6
24
24
5
5
18
17
16
13
24
24
5
9
7
23
20
9
19
22
11
23
9
19
19
19
6
20
20
13
19
11
15
10
17
12
16
6
15
10
6
20
8
16
17
7
23
18
15
14
21
17
12
24
8
15
17
10
10
12
9
14
6
11
9
8
9
6
17
8
10
10
24
15
14
9
23
11
10
5
15
23
7
22
15
7
12
21
21
14
20
16
24
10
7
10
19
13
7
20
7
22
15
5
10
22
20
24
12
5
13
16
