660
10
9
22
15
14
16
22
21
8
20
17
10
11
7
19
7
16
21
5
13
23
17
11
10
13
13
13
20
9
7
13
8
17
22
19
20
7
8
13
20
18
6
14
8
20
10
17
11
19
17
6
5
19
5
17
6
8
22
20
6
23
14
21
5
7
15
16
20
6
12
19
22
11
8
20
6
16
10
7
10
21
11
9
13
16
6
9
11
6
14
19
21
7
23
23
12
22
23
23
6
5
16
13
16
17
6
16
23
9
11
10
14
9
7
20
6
6
18
10
21
12
17
21
18
13
24
11
13
9
19
7
15
24
16
22
8
20
14
22
9
6
24
21
14
24
8
5
24
13
8
16
13
18
6
7
5
22
24
10
21
17
14
15
7
13
5
23
8
6
9
17
10
19
15
8
23
22
6
18
19
5
15
16
10
24
5
10
17
9
19
11
19
14
17
20
9
21
9
14
12
24
22
7
11
17
11
24
11
23
6
17
10
23
13
13
17
9
15
8
23
18
5
23
20
23
11
7
19
13
21
6
14
21
14
15
19
10
12
5
12
14
16
7
15
13
5
19
24
6
20
10
11
9
6
17
6
13
5
18
15
7
17
16
24
7
16
20
20
8
14
17
22
12
23
13
20
13
11
23
9
19
23
20
13
10
22
5
23
8
10
6
18
9
6
10
13
19
17
24
12
13
17
14
19
20
11
17
6
18
11
13
7
19
20
6
13
13
20
8
10
15
19
15
24
22
10
24
5
9
8
17
16
15
5
8
17
19
14
19
12
12
20
15
23
7
17
20
6
15
6
9
20
11
19
17
8
10
10
9
5
20
19
12
16
5
18
18
19
13
21
21
12
8
20
23
8
15
11
9
18
6
12
16
15
16
23
16
19
22
11
21
12
17
6
9
8
20
20
20
9
9
14
14
24
12
22
21
14
6
20
19
19
12
20
14
13
9
19
23
9
24
23
13
22
8
14
16
23
10
19
19
8
12
9
22
21
9
6
16
9
21
20
24
21
12
19
15
22
15
18
20
18
6
8
20
24
24
15
5
22
17
23
18
19
14
13
16
15
24
16
24
10
19
6
6
10
22
5
22
12
17
24
9
22
11
12
19
8
22
20
20
21
7
12
17
6
11
7
22
9
16
8
6
16
5
11
23
8
11
22
7
5
17
14
12
20
15
13
9
20
5
17
17
8
6
6
9
22
18
15
10
20
13
18
17
23
11
23
24
5
21
14
11
24
20
12
23
18
18
13
18
12
6
11
16
19
21
18
6
9
15
11
21
12
23
10
10
11
17
16
22
6
10
21
17
22
21
13
19
22
8
10
11
14
5
18
8
21
5
6
14
17
8
10
12
9
23
5
24
9
10
5
7
18
12
16
13
17
22
10
9
24
14
11
11
16
6
21
7
23
16
11
19
14
7
14
21
23
7
13
11
20
15
16
16
12
5
13
24
11
20
18
11
6
14
19
6
21
20
5
19
13
7
13
13
10
20
15
21
21
9
