675
10
5
16
9
9
16
19
14
24
18
12
14
7
7
17
5
6
20
16
21
6
8
12
5
9
20
17
7
21
17
20
20
8
22
23
19
20
20
7
9
21
11
19
5
15
9
12
5
21
18
18
11
14
7
18
9
8
13
24
12
14
22
22
8
16
6
14
19
13
24
20
15
18
16
19
22
18
10
13
21
12
17
23
5
9
6
16
14
7
15
18
21
9
12
7
22
18
21
10
23
20
6
18
9
20
12
8
5
8
22
8
14
6
8
15
21
21
24
24
13
10
23
13
7
16
10
17
11
5
6
23
5
9
9
22
22
18
24
8
18
5
12
14
11
15
21
22
17
20
13
12
18
6
8
7
16
24
17
23
10
10
15
24
24
12
10
11
8
21
9
13
21
13
8
18
17
16
22
7
16
16
22
23
17
23
24
20
22
5
20
10
12
24
6
6
12
9
12
17
24
16
21
24
7
8
11
8
20
9
17
19
14
7
19
9
17
8
6
10
20
23
7
9
17
20
16
18
13
20
24
16
9
21
17
21
22
6
12
8
24
17
24
22
19
19
22
19
19
10
17
11
7
18
15
24
20
21
13
9
7
13
13
21
21
8
21
24
20
16
7
15
20
13
12
20
24
22
18
12
22
12
19
8
13
23
23
23
10
24
18
18
19
20
19
23
13
14
17
16
16
12
9
16
17
12
9
12
19
10
12
8
15
11
14
13
23
20
23
23
19
13
21
20
24
5
19
22
20
14
9
7
14
23
5
11
18
15
11
8
18
14
22
19
22
10
8
14
22
22
16
22
10
7
15
18
21
24
16
23
11
13
17
11
22
18
24
17
9
9
14
22
12
13
23
6
15
22
23
18
5
10
14
19
20
18
23
9
20
22
11
9
6
11
8
9
13
15
21
21
11
23
6
11
13
5
16
20
21
10
24
10
20
14
23
15
17
11
11
13
17
9
23
20
17
19
8
8
5
23
8
11
23
20
14
18
13
17
20
5
20
15
7
14
23
11
6
24
16
18
18
17
14
22
20
16
23
10
16
10
20
23
18
15
11
13
20
13
5
13
24
10
10
8
12
10
10
10
16
5
10
6
23
6
24
14
15
22
12
19
19
5
17
21
6
14
16
9
14
22
23
5
15
14
5
22
15
14
6
21
15
10
23
15
8
9
8
11
23
21
14
14
18
14
12
7
13
7
13
17
18
18
5
9
6
5
22
20
8
9
21
14
7
8
14
23
15
11
9
14
5
5
11
5
9
12
13
7
6
10
23
17
22
5
14
5
11
15
16
7
22
20
9
11
10
22
16
19
21
19
11
20
24
19
12
17
17
13
8
7
22
19
18
16
19
15
6
16
21
9
8
7
23
11
21
18
11
8
16
10
14
12
6
15
8
22
20
17
8
7
18
17
8
11
5
6
5
7
13
20
5
22
22
7
17
6
17
6
11
18
12
5
14
13
18
5
10
22
8
18
6
19
13
23
8
17
22
16
24
22
19
12
5
10
5
7
22
24
21
14
8
21
18
11
9
19
11
