620
10
10
7
8
13
11
23
7
14
21
13
9
12
18
17
20
8
10
6
12
20
19
7
19
10
10
11
7
24
23
10
9
16
9
5
14
24
20
5
23
16
16
21
23
21
23
14
6
14
20
10
11
16
7
13
22
11
9
14
22
20
20
14
13
20
24
10
14
12
16
16
22
21
16
13
9
6
5
22
7
16
8
9
10
20
16
10
14
17
14
15
15
17
7
10
8
10
17
22
17
8
16
13
24
17
20
12
10
6
7
20
8
15
20
5
9
18
23
14
18
13
9
6
17
24
21
14
5
5
21
11
10
17
15
6
21
21
7
19
6
15
22
15
13
5
13
14
5
22
12
9
24
9
14
10
5
20
22
6
11
20
16
16
9
10
6
24
8
20
23
21
13
14
21
8
14
16
19
19
21
10
22
11
18
11
6
23
9
11
13
9
15
12
19
18
7
20
12
6
18
6
11
6
12
6
17
24
14
10
19
16
21
12
17
24
5
14
19
17
19
18
14
9
5
14
24
11
15
11
6
14
7
11
6
23
22
20
13
9
15
17
11
6
9
16
22
8
21
18
18
9
22
16
6
9
12
7
16
23
17
18
11
15
11
19
6
11
7
24
10
8
23
13
9
24
14
20
13
10
9
15
11
19
23
6
9
12
10
9
24
9
5
11
12
16
13
14
22
7
8
9
23
13
10
12
15
15
15
22
21
12
11
10
11
6
20
8
10
12
9
14
18
9
20
19
8
11
6
5
10
6
24
17
21
19
10
11
11
22
20
22
19
12
13
22
20
22
23
5
9
11
14
9
8
8
17
9
20
22
22
10
22
8
7
5
8
16
5
11
19
17
14
22
10
8
24
22
19
11
16
7
24
6
13
18
16
17
24
23
20
19
13
11
6
14
21
12
18
15
20
23
9
13
8
11
14
18
15
16
17
22
17
7
24
21
21
6
24
20
6
10
11
24
15
7
10
11
15
20
22
23
23
11
15
13
14
16
17
19
20
7
12
11
12
24
24
24
23
11
7
10
13
5
5
6
11
22
6
24
20
13
18
6
22
11
15
14
24
23
21
19
21
11
10
9
8
20
21
23
7
23
20
23
11
21
23
5
6
9
6
16
8
9
10
18
24
15
11
19
11
21
18
6
23
21
9
20
22
11
6
6
5
13
17
21
16
6
21
13
24
14
14
23
24
10
16
5
7
19
9
16
18
18
17
16
22
23
11
21
8
7
13
17
17
17
9
22
14
19
10
10
9
19
18
6
19
16
17
5
21
8
20
6
17
5
9
21
9
23
14
11
8
6
14
23
6
23
15
22
7
13
6
15
16
11
6
16
21
17
15
23
22
16
16
24
9
19
7
8
10
16
8
18
13
24
18
10
9
7
5
8
11
12
15
14
6
18
22
18
14
7
