695
10
5
17
9
15
17
5
13
19
19
24
10
8
5
15
12
21
5
23
7
18
17
8
19
22
7
20
20
8
14
23
21
22
15
10
20
9
8
12
9
12
6
13
16
7
20
6
10
19
24
14
16
17
21
9
10
17
15
6
23
7
22
6
6
9
20
8
22
22
15
15
16
14
10
9
9
22
11
22
11
24
12
12
21
10
24
23
10
20
11
16
8
7
22
16
9
16
8
19
19
23
6
14
10
18
10
22
10
21
8
11
21
8
10
13
22
11
24
23
16
18
24
14
14
6
21
24
23
21
13
22
23
6
9
12
8
24
19
5
11
17
22
15
12
18
17
5
5
22
23
16
11
20
9
23
7
11
19
23
19
18
24
23
9
5
24
17
17
15
16
6
20
13
24
13
14
19
18
16
16
18
8
10
15
10
8
9
17
11
19
16
9
15
7
13
23
23
15
14
14
20
17
5
17
8
8
10
9
14
24
21
21
11
18
18
21
11
17
14
21
8
15
7
18
18
6
15
7
20
6
14
13
11
20
22
17
24
5
24
16
17
16
6
9
21
11
19
16
20
9
12
23
16
22
13
16
9
8
19
9
12
21
21
16
23
22
21
9
13
19
23
15
5
22
5
19
8
22
22
16
9
20
13
6
9
24
13
10
5
14
7
7
8
20
12
23
21
14
6
13
5
6
6
11
17
13
11
18
9
22
10
17
17
17
10
23
9
9
23
13
17
19
20
7
10
20
14
16
20
21
16
13
13
9
17
11
15
21
17
9
14
5
20
24
21
12
11
10
11
12
20
22
10
16
19
23
20
15
8
5
14
10
21
24
22
14
9
23
24
20
21
5
17
22
22
8
9
14
24
7
8
7
20
6
11
16
14
9
9
10
17
17
5
23
7
24
11
20
17
20
23
19
20
6
13
13
15
17
16
23
17
6
18
13
18
16
18
16
18
13
9
14
6
8
17
24
12
19
20
7
21
17
5
16
10
15
18
14
20
8
23
22
22
10
18
18
22
21
13
20
11
13
8
21
6
23
11
6
14
10
9
7
22
10
18
15
23
18
8
5
20
15
17
24
10
13
17
18
20
20
12
11
8
7
6
5
17
17
7
12
22
20
10
8
19
7
22
15
18
17
12
17
20
12
12
12
7
5
18
21
9
17
20
5
7
24
16
12
24
6
9
15
16
11
11
6
5
9
16
5
9
21
16
8
22
11
22
15
20
22
21
8
17
12
17
15
23
24
12
11
10
11
8
23
24
21
9
22
7
11
12
16
11
18
10
21
21
10
7
20
24
14
10
17
11
22
7
21
15
7
24
11
11
22
13
23
10
15
23
22
22
17
16
5
15
11
17
20
22
19
16
8
16
7
17
9
15
21
9
14
9
16
23
18
12
21
7
15
10
8
9
19
5
7
6
15
18
6
21
13
20
5
13
10
13
22
15
24
5
8
16
18
15
24
5
22
13
16
16
20
11
18
7
13
20
18
7
15
5
13
6
21
20
9
10
11
5
15
18
6
11
8
8
10
6
19
19
18
24
21
13
10
7
11
9
20
24
5
18
5
18
13
13
6
5
18
