600
10
9
8
18
14
6
7
16
9
17
23
18
9
17
17
17
8
8
19
5
12
6
19
7
9
24
12
11
23
8
20
23
15
13
22
23
7
8
20
5
9
22
9
15
5
6
22
5
24
15
10
9
22
23
13
13
23
12
13
22
6
8
20
8
6
16
15
7
11
9
24
21
21
6
24
18
12
18
6
24
21
15
15
17
8
13
7
11
11
17
18
23
10
18
6
18
21
5
13
8
5
21
22
15
14
21
19
16
19
7
22
22
11
19
19
12
7
16
22
14
22
11
22
12
20
22
17
17
16
12
11
18
17
8
14
11
16
16
8
13
21
23
17
11
7
19
12
11
9
8
21
13
8
12
16
17
7
24
5
22
7
7
8
7
19
6
13
22
19
7
18
17
13
8
20
12
17
8
22
10
16
22
12
12
16
18
18
20
11
16
23
11
21
20
17
21
23
7
6
19
14
5
16
23
17
12
22
20
5
10
19
21
23
12
24
11
23
17
22
23
20
22
22
7
7
23
11
5
6
7
22
18
14
6
15
8
16
9
15
7
22
24
10
19
6
11
13
15
21
18
22
15
6
6
7
11
24
13
16
23
10
23
16
19
7
23
24
20
15
9
8
6
13
18
6
6
13
15
5
15
5
20
8
8
21
16
5
21
13
21
17
23
21
21
12
15
16
24
17
11
24
10
24
16
9
10
5
8
12
24
10
12
20
8
21
14
14
12
24
16
10
8
18
16
22
14
11
9
10
16
23
9
13
19
15
5
15
5
5
22
20
7
12
20
22
13
9
16
23
14
17
12
11
22
23
8
13
15
8
17
24
12
18
17
8
19
22
18
11
13
20
11
8
10
18
5
18
12
20
15
10
18
15
18
15
10
19
5
18
6
16
20
23
15
18
12
7
20
21
9
24
14
24
13
15
22
8
22
9
17
6
11
22
17
19
5
11
20
12
20
10
8
22
17
7
6
14
10
21
17
19
20
24
16
10
18
15
12
11
20
7
15
14
8
19
21
16
13
10
21
5
20
15
22
10
16
16
20
12
15
11
6
12
15
8
5
14
19
19
18
10
17
11
23
6
6
14
11
22
22
13
13
21
15
11
14
9
21
5
14
11
22
15
10
12
12
15
24
8
8
8
10
22
23
18
24
8
24
13
20
10
13
24
7
21
23
21
6
23
5
22
12
14
20
22
15
12
17
19
7
24
16
20
10
10
10
12
6
6
15
18
22
23
5
10
19
22
13
13
12
14
19
9
13
22
5
13
8
8
5
9
6
10
12
9
24
10
24
20
15
6
11
19
6
22
6
20
11
14
16
7
6
8
23
12
17
12
9
15
17
23
17
16
22
9
5
22
14
7
15
19
