635
10
5
20
5
23
5
12
15
6
10
12
12
23
13
23
21
15
7
23
5
22
12
13
21
11
8
22
23
6
17
8
24
18
20
15
23
19
21
18
23
22
6
21
16
16
11
12
21
5
13
8
19
13
22
6
18
6
22
6
23
14
8
17
16
9
10
10
7
7
14
7
18
22
10
15
24
18
20
6
23
6
21
21
22
15
24
5
5
13
22
15
7
14
23
16
8
16
24
11
13
19
17
16
6
24
15
18
18
13
16
9
10
24
14
20
12
24
9
5
14
23
12
7
20
6
16
23
11
15
9
16
24
9
18
21
9
11
16
20
19
10
11
16
14
21
5
16
13
19
19
15
13
12
9
17
14
9
18
16
17
22
22
9
21
6
9
13
13
10
18
15
7
16
16
20
7
16
12
18
15
8
8
23
7
15
20
6
20
20
24
8
10
5
6
9
20
24
18
22
13
7
16
10
9
16
13
17
9
8
22
5
8
8
6
21
6
14
18
5
23
14
16
7
14
21
22
15
16
7
17
18
13
17
6
22
22
18
24
7
24
15
20
5
24
22
19
21
16
20
6
10
11
20
12
13
5
8
13
14
18
14
6
6
22
20
17
17
5
13
14
13
8
16
13
18
8
23
20
10
24
21
5
5
19
17
9
13
16
23
15
19
14
18
8
22
14
24
20
13
15
5
16
9
22
18
22
13
24
11
9
21
18
13
18
19
8
6
12
24
22
18
13
12
19
19
13
5
19
21
8
9
20
19
8
9
5
15
17
21
16
13
6
10
10
12
5
18
22
6
11
10
14
10
18
16
10
15
23
16
11
15
12
22
15
11
19
9
13
10
5
22
15
14
7
21
9
22
23
17
12
18
7
11
19
13
18
7
14
9
20
7
20
22
5
7
18
8
17
15
6
23
11
9
14
9
24
5
9
11
15
5
15
10
8
6
14
12
18
18
17
23
10
6
21
22
14
12
6
23
22
21
16
10
14
16
21
7
8
23
8
11
22
24
6
20
21
13
8
16
5
20
21
21
6
9
23
7
23
5
10
15
17
21
8
23
7
9
11
23
5
15
17
6
15
9
7
15
20
6
18
15
24
5
6
24
16
15
20
21
13
15
16
17
12
9
12
10
16
24
13
18
5
5
8
24
18
12
24
21
8
22
6
11
10
18
17
16
16
5
18
8
23
17
17
12
6
9
22
7
24
7
14
23
18
21
5
21
16
14
9
18
20
20
14
10
24
13
14
12
10
15
23
20
9
7
8
21
22
7
13
14
21
12
23
23
14
22
24
5
24
9
23
8
14
6
9
10
17
13
13
8
14
17
13
5
24
10
18
19
5
5
21
19
19
19
8
13
10
9
22
20
7
12
22
20
8
22
19
13
21
19
17
17
11
15
15
11
15
16
23
7
12
20
22
22
6
6
5
6
15
10
17
7
16
16
6
