630
10
15
5
19
15
22
5
23
14
5
20
15
12
14
15
11
21
19
12
14
12
18
11
22
17
13
8
17
23
17
21
5
13
21
23
5
11
7
23
17
16
14
7
17
16
16
15
23
13
20
18
5
15
24
22
18
9
17
5
24
18
8
13
7
17
9
10
7
9
23
19
8
14
22
8
23
21
21
23
12
14
16
15
10
16
23
13
20
10
10
6
14
14
17
6
20
23
19
6
24
12
18
11
14
7
21
6
9
8
14
16
6
19
5
15
12
17
23
14
8
12
5
18
18
5
11
15
5
12
20
19
16
23
8
22
13
8
20
22
12
13
15
5
5
17
18
17
12
5
20
12
6
12
9
14
17
12
20
21
20
15
22
12
16
20
16
20
23
20
18
23
24
23
8
14
9
19
12
10
10
23
17
23
6
17
10
10
22
12
18
17
10
9
24
22
8
9
19
9
14
11
24
22
8
8
13
15
10
9
22
10
20
8
7
11
20
8
16
10
6
23
6
20
23
17
19
5
23
7
21
9
12
18
12
15
9
19
13
24
5
24
12
8
5
8
6
9
12
24
20
9
24
22
15
13
19
7
9
12
10
22
14
24
19
8
12
6
14
7
17
5
20
23
6
9
7
23
10
11
14
9
21
24
9
5
15
16
19
12
9
8
20
18
9
11
18
13
11
14
7
9
9
19
24
10
17
9
14
21
10
11
22
16
7
22
13
12
16
13
17
8
19
24
14
19
12
13
24
10
18
16
18
14
21
20
18
18
20
23
23
6
11
7
20
20
15
8
7
14
19
16
18
5
23
9
23
9
9
6
7
11
23
19
24
20
8
18
8
15
15
24
14
14
9
9
9
21
24
6
7
5
12
5
11
21
14
23
20
24
5
14
10
15
16
20
16
20
7
8
19
19
10
8
18
5
24
13
19
20
14
12
22
12
22
13
14
16
15
14
12
20
15
17
17
18
5
19
12
14
14
6
8
9
14
22
11
23
8
5
23
21
21
13
20
6
11
19
21
9
11
9
12
24
9
19
19
16
16
23
8
6
5
5
21
6
22
15
10
7
12
10
5
23
14
5
12
9
5
6
22
16
12
24
15
18
17
9
6
10
19
9
5
20
19
11
20
20
18
15
7
7
17
13
18
14
8
18
7
15
17
24
14
22
24
21
22
8
20
9
21
24
17
13
22
16
22
10
15
11
11
13
21
9
11
5
16
14
19
18
16
5
19
13
10
10
7
22
5
19
10
9
12
5
19
22
16
5
20
12
16
9
16
18
21
14
10
14
5
9
24
14
24
19
14
23
21
12
19
20
19
24
19
8
7
5
7
6
15
5
6
15
13
13
17
22
14
14
17
24
19
12
10
5
10
5
7
11
10
13
10
18
12
13
14
22
6
16
19
14
18
18
20
10
20
20
14
12
17
9
5
11
