625
10
12
24
19
23
9
6
20
19
22
12
7
13
7
17
13
6
17
6
11
7
18
9
9
8
11
15
15
23
24
13
10
20
8
14
6
19
10
16
16
6
7
12
20
22
7
11
21
21
12
11
23
10
24
12
23
24
8
17
9
24
24
11
12
11
7
17
20
5
21
20
17
21
20
18
13
21
6
22
22
8
15
12
21
23
6
20
19
14
13
8
18
22
23
11
9
20
24
12
18
7
8
16
5
22
24
21
22
10
12
5
24
20
18
11
5
16
10
17
17
17
5
5
18
19
23
6
6
11
7
24
24
15
13
19
6
8
15
22
12
8
19
12
23
24
10
5
13
23
6
11
13
18
21
7
11
16
21
18
13
21
12
8
13
15
21
18
15
5
6
5
15
17
13
15
23
17
10
21
16
17
19
22
23
19
19
8
24
5
12
5
11
10
24
17
10
16
12
23
7
9
24
18
10
15
7
23
9
6
15
20
20
10
24
11
19
19
18
5
19
22
6
10
20
9
14
7
10
10
5
16
12
16
13
12
22
24
5
18
19
20
15
10
9
14
23
9
13
20
14
5
24
11
17
17
13
18
10
6
22
13
5
8
17
15
6
16
14
22
7
22
14
10
12
6
12
5
6
7
18
22
8
17
12
16
6
18
20
18
13
21
21
13
9
22
9
22
9
17
23
10
24
17
15
12
9
17
5
7
22
19
8
5
11
5
19
16
13
6
18
12
6
9
8
22
6
24
10
19
16
12
12
16
17
5
20
23
11
11
7
16
23
16
20
10
19
21
8
17
14
23
8
12
13
21
14
15
23
18
15
17
7
9
6
20
14
6
18
14
16
15
14
11
16
19
22
9
20
16
19
17
16
15
20
19
6
18
8
14
23
10
12
9
24
11
24
22
23
18
10
22
10
10
23
10
15
14
15
17
11
14
22
14
8
5
12
24
18
12
5
9
13
18
16
17
5
15
7
6
16
14
18
10
13
7
10
23
14
7
13
14
11
5
10
6
10
17
14
24
20
14
18
10
18
12
5
17
13
17
7
8
24
23
20
6
15
16
10
16
18
5
14
20
24
15
21
10
14
7
16
10
8
14
11
23
10
14
10
8
17
13
23
8
16
20
22
19
18
7
8
11
22
23
8
16
23
21
11
18
23
7
24
11
18
17
15
17
20
11
7
22
15
10
23
5
16
21
22
24
13
24
7
5
8
20
24
10
19
10
15
22
19
10
8
18
19
22
10
16
22
23
12
11
13
20
12
13
8
18
15
14
9
8
8
6
10
21
11
5
20
11
10
22
16
10
23
11
10
19
9
24
14
19
5
16
15
5
10
22
23
11
20
8
8
11
10
6
9
11
11
21
14
8
7
22
11
5
20
11
24
17
8
5
21
13
10
9
11
11
12
21
10
20
7
18
24
