645
10
22
7
18
24
22
22
18
8
15
14
15
24
12
15
15
5
5
21
17
19
5
16
22
24
19
22
17
13
11
10
12
9
5
17
20
14
9
16
6
17
17
24
24
10
24
10
8
17
15
15
24
23
15
5
20
8
20
9
13
19
21
23
22
12
16
20
9
14
23
11
15
16
13
12
21
23
16
11
16
7
24
8
16
11
11
16
9
19
19
18
7
8
16
21
12
11
16
11
16
24
24
23
9
5
10
12
5
6
16
9
6
20
8
14
24
7
23
21
6
7
6
15
10
22
22
18
23
23
24
6
22
15
20
7
21
12
20
14
13
24
8
18
14
8
10
7
9
22
20
6
5
14
9
11
23
9
9
7
5
24
8
10
23
23
23
5
17
22
8
6
16
17
16
16
16
20
18
7
14
17
10
9
12
10
7
23
18
20
23
19
16
23
5
22
22
17
21
23
19
9
13
10
7
24
12
16
12
22
5
16
20
11
17
11
22
14
16
13
14
8
18
16
19
18
19
6
12
16
6
10
18
18
16
8
10
9
15
14
22
15
22
20
15
13
16
8
23
6
17
15
17
12
7
20
18
18
12
23
13
6
10
14
18
5
24
19
20
13
7
10
11
24
9
6
11
22
9
24
23
13
5
21
16
17
14
16
17
20
11
7
12
8
21
18
24
19
9
20
7
16
6
15
22
23
11
10
23
15
23
6
7
13
13
17
22
14
15
16
20
14
9
24
22
16
6
20
22
18
8
22
24
9
14
22
15
14
15
17
12
12
21
24
17
5
8
5
17
20
22
15
16
10
24
6
7
6
7
10
14
15
24
9
18
5
5
23
10
23
10
6
21
8
13
24
19
9
6
16
6
19
10
18
19
18
23
15
18
21
22
9
11
7
10
5
23
23
24
18
7
24
11
13
23
7
9
14
20
21
24
7
8
18
17
14
15
12
23
9
16
14
12
9
8
8
13
6
19
16
23
14
22
7
7
19
18
18
10
20
16
5
21
20
8
13
14
24
23
22
15
15
8
20
21
13
8
16
21
17
12
15
14
5
8
22
16
11
9
24
16
8
15
13
6
17
10
5
12
19
7
22
20
18
12
24
13
6
12
21
11
5
8
9
5
21
11
15
13
21
21
18
15
23
21
21
6
14
13
10
24
10
23
23
13
8
17
5
16
8
9
9
22
7
16
13
8
6
21
24
12
17
18
24
19
9
6
9
18
5
6
7
7
12
11
16
19
23
6
24
14
19
24
22
11
13
23
24
7
10
13
12
9
16
8
9
8
10
19
13
12
20
17
16
7
14
12
15
24
15
13
20
19
7
7
18
13
21
10
9
6
8
11
19
24
13
14
18
6
5
7
13
7
6
5
11
5
24
13
11
7
6
15
22
15
23
24
7
16
11
5
13
16
15
11
20
10
24
16
22
12
12
22
9
16
8
7
21
17
17
21
24
5
14
8
6
21
