655
10
18
19
5
20
23
9
5
19
5
14
12
23
8
15
19
19
5
18
13
8
23
11
23
17
18
24
7
21
10
23
8
6
12
19
21
13
17
7
15
14
24
19
5
5
23
21
15
17
6
9
15
7
16
14
5
11
18
19
17
22
22
6
11
19
9
24
6
23
22
11
22
16
15
10
12
7
9
9
24
22
24
10
12
13
8
23
16
10
13
11
14
8
6
5
20
17
21
6
20
23
11
8
19
21
14
23
22
7
9
8
14
23
7
14
12
16
12
20
21
17
13
18
20
8
19
24
15
5
20
13
15
5
10
10
17
24
12
17
5
19
23
17
17
16
10
16
15
23
7
9
12
17
7
21
18
12
8
24
21
7
5
9
19
14
23
21
18
17
7
10
7
9
24
17
24
15
11
22
21
6
10
8
8
5
23
12
17
6
10
24
22
6
18
9
13
24
20
6
19
13
17
16
23
10
8
18
16
11
16
18
15
13
8
19
7
18
13
14
23
20
8
8
14
7
9
14
19
24
8
24
19
16
24
8
17
23
5
22
24
6
11
17
8
11
13
5
22
20
16
17
10
24
18
21
20
9
12
20
7
19
24
7
15
13
6
6
5
14
9
5
13
8
22
11
7
22
22
23
20
22
10
7
12
8
5
18
21
12
21
23
20
11
6
12
15
13
16
5
11
17
8
13
15
22
14
11
10
21
14
7
19
8
22
17
11
18
16
11
17
6
5
18
18
6
6
18
22
11
6
18
20
15
21
16
13
20
15
19
9
16
18
19
11
15
11
18
18
8
16
20
15
8
12
22
21
18
22
21
21
8
20
17
10
15
16
5
24
5
17
9
22
15
13
7
10
11
18
8
18
12
20
22
12
13
22
15
9
5
13
17
16
7
6
10
19
19
22
8
8
13
8
10
14
6
16
9
6
15
12
5
17
21
20
24
15
19
19
21
15
5
20
15
6
21
7
13
6
14
22
6
5
13
12
10
14
17
5
23
7
19
19
22
13
14
21
10
14
14
19
8
6
8
17
14
12
6
13
21
7
23
16
10
6
21
13
8
5
13
23
24
23
8
24
19
16
9
18
21
7
23
5
19
14
8
8
6
6
16
14
16
6
20
17
12
15
8
7
21
15
12
19
16
12
10
7
12
12
13
24
12
14
9
7
7
15
7
12
8
11
6
8
16
8
20
17
16
18
7
17
17
20
7
11
24
18
16
8
24
20
6
6
7
20
5
23
20
21
8
17
14
24
18
17
9
7
11
7
7
13
5
21
8
12
22
15
23
23
23
11
12
24
15
17
18
5
7
11
14
20
10
16
11
21
20
19
17
5
12
19
16
20
15
21
6
11
13
14
21
5
10
15
24
17
18
19
22
21
18
21
20
17
11
16
8
5
21
8
18
13
9
9
8
17
20
14
6
22
13
24
19
24
6
22
8
9
14
11
14
19
10
10
12
18
22
17
15
13
21
5
5
15
21
6
13
14
