605
10
17
6
9
24
13
22
16
5
10
9
11
10
16
15
13
22
19
16
21
15
18
6
6
11
24
15
19
18
20
12
14
15
18
8
7
16
9
10
22
21
10
15
14
20
7
16
10
17
14
19
23
5
13
8
16
13
22
7
10
13
19
9
24
14
19
9
13
10
5
18
21
14
7
15
19
22
12
22
18
17
18
18
7
23
18
7
14
10
14
16
9
13
13
21
9
5
24
15
8
17
5
18
6
24
12
17
16
6
17
9
19
19
20
24
10
6
17
17
14
13
16
18
11
23
10
20
15
10
15
15
16
23
8
6
19
21
9
7
16
21
11
17
14
14
23
6
11
16
18
16
17
11
13
16
8
9
10
15
12
24
10
24
16
10
7
10
9
19
18
7
21
11
9
19
7
10
19
16
11
21
16
6
15
14
12
11
18
16
13
24
18
20
20
12
17
12
6
7
8
10
20
22
19
20
21
6
10
8
16
17
18
11
20
6
21
17
21
22
14
16
22
21
16
12
18
24
22
19
17
23
5
13
22
11
7
24
9
21
19
19
6
11
23
21
7
13
17
5
13
18
15
17
14
13
5
8
15
19
24
24
7
12
14
12
20
19
13
7
18
14
7
8
18
19
14
7
22
9
20
20
15
15
14
6
13
24
19
14
19
23
14
11
21
9
8
20
14
10
16
21
24
5
8
6
16
16
12
24
8
8
19
10
7
9
6
21
7
18
21
21
14
5
13
16
23
18
8
12
17
11
16
10
14
8
19
21
14
24
21
14
23
16
12
6
13
15
16
13
19
12
15
22
24
8
8
15
5
24
20
21
8
7
10
9
22
24
20
10
6
20
20
7
24
23
17
16
14
9
11
9
14
20
9
7
18
9
8
20
10
21
10
10
11
17
18
15
6
6
8
12
23
19
14
21
7
16
24
21
13
9
13
7
8
20
14
20
23
12
13
15
20
19
16
11
11
19
11
9
23
9
9
8
9
14
22
18
16
11
19
24
22
17
10
17
5
7
12
19
16
12
13
24
9
24
16
13
23
15
6
5
20
17
9
17
9
17
8
11
23
5
16
9
21
14
19
24
21
9
6
23
12
18
11
22
14
10
12
23
19
9
22
8
15
6
22
11
9
11
6
16
7
24
13
5
19
15
24
16
15
14
20
5
11
18
17
11
11
24
18
6
7
22
20
14
6
20
14
19
8
9
13
13
9
22
20
24
23
17
8
5
8
22
10
19
9
11
24
5
15
11
13
5
12
18
23
23
22
7
7
20
19
19
20
10
21
14
19
16
18
16
23
19
16
14
12
9
6
22
11
17
7
17
16
16
9
5
16
19
11
16
7
15
12
12
21
14
22
12
17
15
22
23
22
18
15
