690
10
22
16
7
20
11
8
23
14
17
22
8
8
7
23
14
8
13
5
21
17
13
22
16
13
16
17
17
21
23
16
17
24
8
8
18
13
16
20
11
13
7
23
23
8
23
18
14
13
22
17
9
12
23
9
21
5
24
5
23
15
18
19
20
18
22
23
24
24
24
16
13
10
14
11
6
11
6
24
5
13
21
24
7
7
13
13
18
24
6
10
17
23
18
11
20
14
7
17
19
12
6
14
10
9
5
15
11
24
24
23
16
9
21
13
7
10
16
19
20
24
11
17
10
15
23
13
22
18
7
17
5
22
18
24
13
7
9
10
24
12
10
14
10
19
23
10
16
17
6
5
14
13
11
6
9
12
14
10
21
16
24
24
11
18
20
16
15
11
21
21
19
23
14
5
11
22
23
19
8
19
21
21
24
13
5
20
19
14
14
20
18
16
12
17
22
24
12
12
19
21
14
7
22
21
18
12
16
15
9
17
6
17
11
9
11
14
14
16
9
13
23
20
24
8
16
24
20
23
10
6
10
5
20
21
22
18
17
7
8
16
20
11
13
15
14
19
18
15
10
13
17
24
21
15
8
22
15
15
18
21
7
16
19
16
6
19
19
17
19
18
8
8
20
18
7
21
9
14
10
17
8
16
8
9
24
23
12
13
6
23
12
8
21
13
6
21
5
12
5
19
5
21
19
15
15
18
6
10
21
5
22
22
21
12
14
10
12
22
15
18
9
7
9
9
18
20
8
5
13
17
8
12
21
16
21
10
11
14
12
12
8
22
14
12
8
6
11
16
14
19
6
23
23
13
11
23
5
19
12
14
21
17
20
20
17
15
11
19
8
11
11
5
11
12
7
15
19
5
11
22
21
21
23
14
5
9
21
12
22
13
22
18
6
12
5
14
20
14
13
12
8
20
16
21
15
18
24
13
19
22
13
13
24
18
22
15
23
20
6
18
17
9
19
8
8
7
18
8
10
5
21
17
9
5
11
6
15
10
6
8
15
9
7
22
13
12
14
24
16
9
24
6
19
9
19
9
18
18
9
8
19
24
21
5
15
16
12
22
19
15
20
15
17
13
15
11
12
9
7
15
9
5
13
8
10
12
12
20
5
12
24
7
23
23
21
23
8
22
15
14
7
17
22
11
10
6
11
20
11
16
6
19
6
8
22
7
8
22
17
17
9
10
5
24
14
19
8
10
5
14
7
22
15
24
17
6
9
13
17
19
15
12
10
16
6
9
24
16
8
15
7
16
17
23
14
17
17
14
18
11
13
13
14
6
20
20
21
6
12
6
14
10
13
19
19
11
18
24
13
20
14
7
20
10
18
24
8
12
7
5
12
16
10
14
18
10
21
12
8
10
24
8
14
22
20
16
22
11
9
18
22
12
18
18
19
13
8
17
19
6
7
16
21
20
17
15
17
13
13
14
8
19
16
7
17
11
16
15
10
20
21
7
11
19
17
24
5
16
14
8
15
10
7
20
13
7
6
8
21
16
14
13
5
24
22
20
23
5
13
16
8
11
24
10
23
12
13
17
13
12
13
20
20
22
19
11
13
10
16
10
