650
10
17
16
19
15
15
24
23
17
7
16
13
14
19
6
13
24
13
22
8
8
11
5
12
7
22
24
12
8
21
13
13
9
12
12
11
8
10
21
19
9
17
22
5
21
9
19
5
19
12
21
10
9
9
19
20
23
19
5
21
11
21
20
24
24
12
8
13
12
5
8
12
10
13
15
20
18
19
12
24
24
18
13
14
19
8
22
12
18
23
20
13
17
11
13
24
19
21
13
15
5
6
11
15
19
11
20
12
19
18
18
14
18
7
10
7
19
21
22
8
19
20
9
18
11
7
12
8
17
10
10
9
22
24
18
8
17
23
21
21
13
13
7
22
13
10
15
22
17
16
15
7
6
16
7
6
7
10
17
13
11
17
22
21
19
20
11
10
7
5
6
5
13
17
21
9
18
13
10
17
6
20
6
5
13
13
15
16
11
7
17
15
16
24
24
17
15
8
24
6
18
17
23
21
13
13
12
6
13
18
5
22
20
13
14
8
17
9
9
12
5
11
19
13
5
9
9
15
12
12
16
20
6
11
19
10
11
17
6
19
5
23
9
8
5
19
7
14
16
17
13
22
19
21
15
21
22
14
17
21
21
11
12
16
6
15
15
11
13
14
13
10
15
6
5
6
19
19
10
20
10
21
14
18
19
10
21
24
10
24
11
22
22
13
14
17
18
12
23
24
5
7
24
15
10
8
23
7
15
17
18
17
14
21
14
21
19
17
10
5
5
7
5
14
15
10
12
23
19
8
15
21
6
5
12
15
7
21
21
12
14
8
7
18
21
13
19
21
18
10
13
14
12
19
17
22
12
15
14
20
9
21
22
10
7
19
23
14
13
17
16
14
18
8
17
7
14
9
22
16
23
18
7
16
19
20
24
12
5
8
10
18
23
12
13
15
10
17
15
8
21
12
12
14
13
10
21
23
14
5
14
5
20
12
14
6
9
10
13
18
6
8
22
21
5
13
12
13
14
16
12
8
18
14
16
22
14
5
22
15
17
24
17
12
16
20
20
13
6
17
10
14
23
15
13
11
9
12
19
14
14
11
24
7
13
6
6
12
16
17
16
11
6
12
5
6
22
23
20
17
12
17
13
22
24
6
7
14
16
13
22
16
24
11
13
16
6
6
16
11
17
11
8
14
21
11
15
17
12
17
7
5
12
17
7
13
18
20
5
18
20
16
16
22
15
11
10
13
12
13
15
7
23
6
20
21
19
19
18
11
17
8
24
10
5
11
12
20
7
17
6
21
17
17
14
24
23
11
8
7
7
10
15
17
8
19
19
12
23
14
24
10
9
6
19
24
8
21
8
13
20
10
14
13
6
12
24
15
8
24
5
5
12
22
23
23
7
5
10
22
10
9
15
16
20
23
12
22
16
12
10
22
5
22
22
14
24
13
18
9
17
5
23
13
11
17
16
7
8
13
11
20
16
12
16
20
18
18
8
21
6
16
11
5
23
14
5
13
22
7
15
