680
10
14
13
17
23
16
13
18
23
6
9
17
5
20
7
24
6
9
19
20
12
22
10
7
14
5
6
11
20
10
8
19
11
20
21
9
11
7
24
8
23
21
18
6
19
24
16
6
17
17
14
7
18
11
22
14
23
22
19
15
7
18
15
17
21
7
8
13
15
15
14
12
14
13
23
14
17
9
9
12
10
13
22
9
8
15
14
17
14
20
9
7
9
10
20
13
13
13
17
22
10
8
23
8
14
11
11
15
8
9
6
15
7
13
9
10
13
14
24
18
15
12
12
10
18
9
14
23
12
5
24
15
21
6
14
18
6
9
19
22
15
10
19
17
21
22
13
13
7
20
10
8
18
17
9
13
9
17
22
23
10
20
5
5
23
9
8
20
21
18
10
6
7
5
11
20
24
8
13
7
6
17
9
7
23
24
22
16
14
9
8
18
20
9
21
16
13
13
13
9
5
23
24
8
7
22
16
11
13
17
6
24
24
17
17
19
23
24
10
14
10
21
15
18
24
12
15
16
14
22
5
10
9
19
9
16
20
10
15
22
10
20
6
11
18
11
13
12
24
13
10
12
17
8
5
13
20
10
8
16
19
19
7
17
5
7
9
22
17
22
23
5
17
14
15
17
6
5
23
7
23
16
12
18
6
11
16
18
6
22
10
5
12
18
24
23
17
22
13
5
19
17
15
5
16
21
17
5
16
21
5
6
13
24
19
12
10
7
13
17
24
21
15
6
11
21
20
13
16
8
12
21
10
14
6
8
17
5
14
9
19
12
24
23
20
6
7
13
12
18
7
10
8
6
7
8
11
5
23
18
8
10
7
16
9
13
17
8
14
8
16
15
12
15
11
21
6
17
21
5
17
9
20
21
12
22
16
11
22
15
13
22
8
12
13
16
16
21
12
12
13
5
6
11
10
12
12
24
21
17
11
22
12
24
10
11
22
16
16
22
12
17
5
17
24
20
10
6
16
20
11
24
16
21
21
10
22
20
17
20
19
7
8
14
6
15
14
11
8
16
14
6
18
24
12
7
20
8
14
17
13
20
5
12
5
14
16
24
7
15
15
9
22
18
13
21
10
18
24
8
9
15
22
19
16
12
18
17
16
24
13
22
14
18
16
21
15
16
7
13
14
13
14
16
12
15
20
9
21
12
8
8
12
24
17
20
17
17
7
9
8
10
8
21
15
11
10
17
13
5
22
20
14
6
9
12
23
5
8
24
22
19
5
10
23
19
14
18
6
10
6
9
8
21
6
17
6
21
11
14
9
12
21
10
16
5
18
13
5
8
9
22
14
22
24
19
5
17
17
9
22
13
12
8
5
6
16
23
8
5
5
15
18
18
13
18
16
24
23
11
16
5
15
5
20
8
9
17
22
18
22
24
10
13
22
22
13
23
24
10
23
15
18
12
24
13
5
18
12
9
5
10
22
16
15
19
17
18
20
18
5
8
10
24
21
21
21
7
9
24
24
12
11
14
7
13
11
5
14
19
19
22
8
18
22
15
20
12
13
5
17
24
20
13
8
21
16
22
8
24
13
