685
10
7
24
7
14
20
5
14
20
20
17
16
22
20
22
23
11
19
10
9
16
24
10
9
22
5
12
7
14
18
18
24
12
15
10
8
14
18
20
17
17
21
19
21
11
8
12
20
23
24
22
7
15
9
19
21
12
21
16
24
23
14
22
24
13
21
5
13
13
14
11
6
22
22
10
15
16
18
24
7
12
22
12
19
7
5
9
12
24
8
23
19
6
15
22
8
18
11
15
17
15
15
15
5
7
22
14
13
17
20
21
21
9
21
20
24
20
5
11
19
23
8
17
21
7
5
18
13
21
20
22
12
24
23
11
18
24
15
16
19
11
23
24
19
11
13
6
19
7
16
23
22
18
19
10
5
10
12
5
20
7
9
12
7
21
19
11
20
20
13
18
6
21
6
20
19
22
10
14
19
18
15
9
5
12
12
11
12
16
23
7
19
12
12
19
5
12
18
12
17
16
14
17
13
20
7
10
18
18
5
16
20
7
10
22
16
8
10
18
8
20
11
6
15
11
19
14
14
12
10
22
11
16
7
9
8
18
14
6
16
22
20
24
23
14
8
21
11
13
12
20
12
18
15
19
12
10
8
20
15
6
20
20
11
23
9
7
20
13
17
23
17
19
5
22
19
17
19
19
14
8
11
13
17
15
5
13
22
23
13
23
24
12
11
15
18
19
11
13
21
20
22
13
9
5
19
23
12
10
20
12
5
21
12
18
13
10
18
21
8
11
9
10
8
17
20
6
18
14
13
12
22
24
13
13
23
12
6
21
7
12
6
7
15
11
16
17
16
7
9
22
8
5
9
5
23
9
7
18
12
9
11
9
15
11
16
7
13
24
7
17
8
24
23
9
14
20
9
20
13
6
16
22
5
23
15
15
17
13
20
19
12
8
5
14
16
7
13
10
22
8
8
20
18
24
8
9
16
6
9
9
20
12
12
13
18
23
5
14
11
24
18
7
5
14
16
21
22
16
24
15
21
21
7
24
9
14
16
15
18
6
19
10
14
24
12
24
17
14
17
5
9
18
9
9
21
5
10
24
21
20
6
9
11
23
22
6
18
22
24
5
9
8
19
5
6
10
17
18
16
20
21
8
18
23
15
19
11
7
9
5
7
17
23
13
17
14
23
11
12
18
16
8
23
19
22
16
8
11
11
12
20
8
12
7
18
24
14
17
6
21
12
14
19
22
11
6
5
5
9
17
19
20
23
14
21
12
18
5
17
17
9
22
21
20
22
18
17
20
18
20
24
6
19
5
14
12
17
5
12
5
13
18
24
7
18
23
7
7
17
14
8
18
21
11
7
22
15
5
21
11
13
8
23
16
6
13
22
22
22
9
22
18
13
8
22
8
9
15
20
8
22
18
10
18
24
23
10
23
20
24
11
10
17
20
13
21
22
21
7
23
22
11
19
24
7
13
10
17
7
24
14
23
9
24
18
19
9
7
10
23
16
11
21
7
7
9
16
10
13
23
12
6
20
6
7
7
5
19
23
24
9
17
24
23
22
22
17
7
10
23
23
5
18
18
10
17
18
22
5
23
9
6
13
20
13
