670
10
21
23
5
17
22
21
7
16
13
7
13
15
19
21
21
6
19
8
9
21
20
22
13
8
17
7
24
23
8
15
7
15
20
15
6
16
9
24
12
22
8
15
14
15
23
19
7
19
6
18
7
23
9
22
10
24
24
13
13
15
18
19
8
14
13
12
18
18
13
7
22
12
15
17
7
19
6
23
20
24
7
10
6
10
22
21
11
21
17
18
23
21
8
16
14
19
6
21
10
7
19
10
19
14
23
23
16
20
16
9
12
19
20
20
23
22
23
7
20
8
24
23
17
5
14
19
13
24
5
13
5
23
7
7
9
8
19
22
10
13
12
16
7
22
19
9
9
19
7
11
13
17
5
18
16
8
17
14
17
19
12
6
11
23
16
19
9
5
14
11
5
10
11
24
21
22
19
15
5
6
11
21
17
12
5
16
22
8
5
13
6
21
18
11
21
10
16
21
15
19
14
20
20
23
21
22
18
15
16
15
22
11
6
6
22
17
22
6
7
15
17
8
7
9
16
16
14
24
12
11
19
20
18
14
15
13
13
14
5
20
7
9
12
8
13
22
18
23
18
22
14
13
11
9
22
5
16
17
11
14
15
9
9
16
11
14
14
11
24
23
12
11
10
14
16
23
20
16
19
15
16
18
11
9
16
7
9
15
15
13
15
23
19
20
17
21
11
10
18
9
22
22
9
22
15
16
5
7
18
17
23
21
20
12
11
10
19
20
6
8
22
18
14
15
21
15
7
21
8
12
23
12
22
14
22
10
20
20
24
8
12
12
23
17
6
14
5
11
14
24
11
12
8
7
13
22
20
15
7
13
16
6
11
19
9
19
13
23
7
23
20
11
18
10
23
11
14
10
13
21
22
20
13
6
9
24
23
9
17
12
16
9
13
14
13
6
15
15
11
16
11
7
13
22
23
18
23
6
9
18
12
6
22
16
17
16
21
21
21
11
20
5
20
21
22
19
6
17
11
15
8
10
21
6
24
7
8
13
19
23
21
21
17
9
11
19
17
16
24
6
14
12
20
6
13
8
24
16
8
5
10
10
24
21
23
10
5
10
9
6
11
10
12
10
21
6
13
5
9
7
7
19
10
13
22
8
24
8
13
15
7
5
11
14
23
9
14
5
18
22
9
10
11
18
13
19
15
14
23
23
19
17
8
24
6
21
22
15
5
11
7
15
10
9
19
23
13
14
11
22
13
19
17
12
15
5
16
7
20
20
6
21
22
9
5
21
14
8
11
10
13
5
8
15
17
14
14
18
13
11
13
20
18
9
21
21
6
5
5
17
15
16
6
18
22
16
13
22
12
10
6
18
10
16
10
17
16
7
20
6
21
5
24
9
16
24
20
24
18
23
21
11
24
15
10
23
22
18
12
8
10
24
11
14
24
22
24
24
20
16
16
20
24
20
24
19
11
9
11
10
5
23
6
16
24
11
11
7
8
11
14
17
24
21
17
11
13
24
10
20
5
5
19
12
13
8
22
20
16
7
14
15
8
24
6
24
6
18
21
11
