615
10
17
12
8
11
23
20
15
14
14
5
21
24
15
20
9
22
18
5
18
5
12
6
6
21
6
18
13
17
22
24
17
16
6
22
10
24
18
19
13
7
11
5
11
11
10
13
15
7
18
12
13
12
24
6
19
14
21
22
5
19
14
10
14
18
23
23
21
22
20
17
22
10
10
15
23
13
23
5
11
6
22
7
19
14
14
7
14
23
5
24
18
5
16
6
22
24
6
13
7
17
18
5
8
18
19
21
18
16
24
13
12
17
5
18
20
19
17
16
19
16
20
15
12
11
17
18
21
16
22
14
13
17
20
8
18
20
11
18
19
15
9
12
10
18
19
9
9
7
6
6
22
12
20
10
5
18
16
21
18
20
7
21
13
6
5
6
7
20
8
17
14
7
24
22
8
22
12
20
21
19
24
24
7
9
24
11
15
17
18
5
23
9
17
13
6
21
14
21
20
22
12
16
16
22
15
9
24
13
8
8
24
18
21
11
14
9
12
9
22
5
15
6
10
15
20
8
21
21
19
16
10
17
21
14
12
7
6
14
24
18
24
11
7
24
7
6
19
17
9
20
17
5
7
17
24
13
9
9
13
11
7
5
19
15
13
19
22
18
7
8
5
19
6
6
21
13
14
10
17
12
21
20
12
24
5
10
6
24
6
12
10
17
15
13
24
18
23
19
19
8
24
8
20
14
16
21
7
10
8
18
6
16
10
13
23
13
22
20
18
8
17
8
21
17
11
19
21
15
7
22
11
8
9
21
23
20
17
21
16
10
23
15
16
7
11
15
12
21
5
8
21
21
17
7
14
22
22
11
18
13
6
16
5
6
12
5
7
9
17
8
17
18
19
12
16
14
12
22
12
18
15
21
11
23
22
16
7
13
5
10
19
18
18
5
13
6
15
16
19
12
24
7
16
12
13
18
15
21
5
14
21
11
24
23
16
17
12
15
22
21
15
24
7
24
9
13
19
9
18
7
9
10
6
11
20
14
13
17
15
20
22
11
14
5
23
8
11
20
12
12
19
10
10
16
16
24
22
12
8
18
18
9
16
12
20
6
19
23
19
16
13
22
11
21
12
6
13
21
6
16
12
23
9
16
23
15
16
18
9
6
16
9
11
7
20
15
20
18
13
20
10
7
17
12
17
16
18
24
6
13
12
21
10
8
12
20
13
8
21
21
6
15
22
15
17
5
20
18
20
9
10
12
11
7
11
18
11
16
5
22
6
21
20
15
17
19
17
21
6
20
5
19
9
11
14
7
19
6
14
19
23
13
23
15
17
24
7
20
24
5
19
5
16
8
15
17
9
12
19
15
15
22
21
6
19
14
20
5
22
7
12
16
9
8
7
21
5
13
12
17
18
15
7
16
20
16
18
12
6
19
7
18
19
15
6
