640
10
12
8
18
13
8
10
23
24
5
20
8
14
5
5
7
11
11
15
15
23
5
21
22
6
24
8
8
23
10
16
17
20
23
24
6
19
8
24
24
16
5
18
23
10
20
23
23
9
11
17
18
6
23
13
18
11
24
9
13
9
18
8
6
14
5
9
5
21
17
11
20
6
12
22
22
8
6
16
6
21
24
6
14
12
5
9
13
18
13
14
15
11
15
22
11
5
10
16
23
11
24
9
20
24
8
5
17
8
22
19
7
16
17
11
11
16
13
6
20
13
19
8
23
9
11
13
13
16
21
12
8
19
8
24
10
24
11
14
20
21
24
22
11
12
11
24
9
16
17
18
14
23
24
14
9
23
24
24
23
12
11
18
8
15
8
22
10
22
13
18
10
8
5
20
9
12
14
20
15
14
8
14
16
16
18
24
21
17
13
9
22
12
23
14
22
5
6
18
15
12
16
9
21
21
7
13
21
17
5
16
23
19
10
22
5
5
17
8
7
10
18
11
13
12
23
19
12
23
18
23
21
24
14
22
11
20
24
13
24
21
21
15
11
19
15
6
13
9
15
7
11
11
7
14
24
16
24
13
20
17
18
7
9
17
7
5
13
12
14
11
9
19
10
22
9
6
20
18
17
8
10
24
21
24
12
6
24
21
5
5
8
13
15
5
14
11
24
11
7
7
23
5
8
15
23
16
19
19
15
19
21
23
22
20
20
13
10
19
16
22
8
7
6
17
18
21
8
19
13
24
13
19
22
14
22
18
17
6
22
19
18
23
15
21
9
22
18
9
7
20
21
7
14
6
11
18
18
18
12
12
10
15
11
13
15
22
7
23
24
15
6
6
8
19
17
18
8
8
21
14
9
23
6
13
14
18
11
24
19
10
21
6
6
24
13
16
11
9
10
18
23
8
23
20
17
16
15
6
22
6
6
22
7
19
8
15
9
13
6
11
21
20
24
10
6
17
19
22
20
19
11
23
23
12
21
8
5
8
24
10
13
5
10
17
17
20
18
17
15
8
8
14
24
12
12
10
10
15
21
13
16
16
6
15
12
12
24
12
12
12
12
17
18
16
15
5
15
14
24
15
8
21
17
10
5
10
14
13
9
8
10
18
6
8
24
21
9
24
12
18
15
13
24
19
13
16
14
8
22
10
15
10
23
24
16
23
22
14
9
24
12
16
20
9
6
11
5
21
23
19
24
23
13
21
23
12
21
13
11
8
8
6
22
17
12
24
23
17
21
20
5
13
10
14
5
21
16
13
24
12
10
5
18
6
9
10
14
13
19
10
18
15
11
23
13
12
5
10
16
23
13
12
19
6
21
23
15
20
24
18
13
21
13
23
12
21
9
18
7
21
10
11
15
17
22
21
21
19
12
22
5
23
14
22
14
6
22
19
20
16
15
19
16
24
9
9
24
22
20
23
5
16
7
13
21
16
21
8
9
23
