610
10
24
12
20
5
14
10
17
21
7
15
18
18
7
14
20
15
24
19
8
9
13
23
19
22
21
5
8
18
19
17
15
6
13
21
16
7
17
23
24
11
20
9
15
11
6
16
12
8
7
12
5
24
18
15
8
13
11
5
16
22
6
7
12
10
22
15
7
13
24
15
12
5
19
8
24
22
10
23
6
15
17
18
19
17
24
8
5
20
24
14
14
8
24
23
5
5
9
5
5
10
6
10
22
20
8
14
9
17
10
5
8
16
17
13
19
24
23
22
9
24
18
6
7
6
8
21
8
8
9
22
14
24
12
9
5
8
11
7
19
18
15
8
8
6
21
20
7
22
8
22
17
19
23
15
14
18
22
14
6
14
5
5
23
18
17
15
6
7
12
9
12
23
8
8
10
10
19
16
17
21
22
7
24
9
16
18
23
18
23
5
22
16
6
15
19
16
5
12
13
24
7
6
22
18
21
11
12
23
21
5
7
15
6
5
15
5
18
19
22
24
18
14
14
14
5
8
14
22
9
20
13
5
23
23
7
9
23
11
15
17
17
19
19
10
23
9
10
24
7
13
24
22
19
14
23
11
20
15
8
24
21
24
23
10
10
24
17
22
21
23
6
10
24
5
24
15
5
14
20
21
24
9
23
14
11
8
24
23
8
18
21
6
11
15
11
24
10
21
15
23
24
16
11
19
14
20
7
19
13
20
6
17
17
7
5
6
21
20
14
11
5
11
21
16
13
5
20
23
13
17
22
6
23
12
19
11
15
5
22
24
14
19
20
19
21
7
24
5
22
10
13
15
11
11
20
18
23
23
15
18
17
10
20
6
18
5
22
20
11
21
23
12
17
20
5
12
22
17
14
6
21
7
16
22
22
9
19
20
15
12
20
18
11
14
14
6
22
19
19
10
18
7
12
18
9
14
10
11
15
20
14
19
11
18
8
12
22
19
5
18
16
20
18
18
7
9
17
16
18
24
15
22
8
21
15
5
6
17
19
17
23
5
21
15
15
23
21
7
6
23
6
12
11
7
18
14
9
5
20
15
23
22
5
15
12
20
19
23
13
14
23
14
24
20
21
13
13
18
10
16
20
6
10
10
14
6
20
24
9
8
15
11
8
20
6
14
16
24
24
7
18
20
23
13
16
13
20
23
22
20
16
9
10
24
21
24
21
24
23
17
23
11
6
16
5
23
22
15
18
17
23
12
23
7
7
18
24
20
12
8
5
16
15
22
22
16
15
7
23
9
20
16
15
10
5
21
11
13
5
9
7
19
10
16
18
7
14
18
9
8
11
16
11
22
6
18
14
16
13
17
8
13
15
22
24
9
13
20
17
24
10
12
20
17
19
10
23
21
17
17
9
10
24
15
22
11
14
22
11
6
