665
10
22
22
7
6
10
21
19
24
12
10
6
12
18
24
24
6
23
11
24
24
19
5
22
11
22
10
5
15
10
6
10
17
19
9
15
15
10
18
12
8
22
21
11
12
11
16
16
16
22
21
24
6
7
7
24
24
18
10
14
5
16
16
7
10
17
18
16
12
11
17
6
23
5
23
10
15
15
18
23
5
24
15
15
10
17
23
13
24
5
8
24
22
9
23
17
7
15
7
18
19
20
8
11
10
22
5
20
10
12
10
5
7
23
6
10
14
19
15
6
8
20
15
10
9
7
13
12
5
9
17
10
17
18
13
22
11
16
23
12
9
7
8
10
17
17
18
24
11
19
14
7
11
18
24
9
5
8
24
24
15
8
11
8
18
17
19
7
9
19
20
22
12
11
16
14
9
17
14
10
5
21
8
21
9
20
18
24
19
13
15
17
9
22
23
11
22
24
18
10
9
20
5
11
22
14
11
13
15
24
7
20
16
15
21
10
11
16
23
24
20
14
18
11
16
17
18
20
5
17
14
15
18
17
10
23
13
22
11
7
15
12
17
24
8
23
21
12
8
8
20
5
18
7
9
6
11
17
23
22
19
14
16
18
5
5
22
9
8
8
22
16
6
15
19
5
24
22
5
5
13
23
20
22
14
11
5
6
15
20
19
6
7
24
22
7
17
13
14
10
18
16
19
24
24
21
18
21
14
12
7
14
17
6
5
11
12
23
24
11
7
8
14
23
23
15
14
13
22
11
9
5
13
13
18
23
12
12
6
24
9
5
5
24
13
24
20
21
24
19
24
13
8
21
15
10
17
22
19
23
9
9
24
23
23
21
16
5
6
22
6
12
8
24
22
6
16
21
21
12
5
19
24
16
5
5
7
14
23
15
21
18
13
18
15
7
5
6
11
11
6
22
19
14
20
14
6
19
14
21
11
15
21
22
16
21
6
18
18
24
7
8
12
23
18
19
22
18
23
9
21
11
10
17
20
12
10
7
21
5
8
17
23
6
11
14
12
10
8
19
16
11
10
13
17
18
13
18
24
20
5
10
9
14
7
5
14
14
16
11
16
10
5
23
20
19
18
17
16
16
10
16
12
20
20
24
18
23
6
6
22
16
15
16
6
12
23
8
5
23
11
18
6
16
22
18
11
19
8
12
13
11
12
6
22
15
9
20
21
22
19
23
23
6
9
16
19
10
5
18
9
20
19
19
10
22
10
7
20
9
23
10
14
16
23
20
8
19
17
16
5
11
19
14
12
19
11
22
21
18
6
17
5
12
24
11
22
19
13
16
10
14
16
9
14
9
15
6
12
8
24
9
22
11
23
6
17
7
21
6
5
5
17
7
22
24
5
14
21
17
16
20
11
9
15
11
15
15
18
20
6
23
14
15
24
24
21
7
21
21
18
20
12
24
10
15
23
15
12
20
23
7
22
15
20
11
16
17
17
19
7
15
15
24
10
17
19
23
5
21
14
21
8
23
8
21
22
13
9
18
24
8
17
5
20
18
