760
10
17
17
15
12
11
7
21
15
13
14
22
10
22
13
10
17
11
19
18
19
16
24
9
22
11
16
23
17
11
13
6
9
21
8
5
11
16
9
21
6
24
14
20
9
7
15
20
21
12
7
12
22
5
14
10
7
24
15
9
15
22
17
16
5
19
19
20
12
15
9
6
9
22
17
8
19
12
7
9
18
20
21
9
24
10
15
23
21
16
7
16
21
18
10
5
12
6
16
20
13
11
21
20
8
11
8
17
15
8
5
8
12
16
23
9
5
15
12
12
9
10
14
21
15
15
10
19
9
11
8
20
23
22
19
7
22
6
11
5
12
11
17
17
18
11
6
7
14
17
13
15
22
15
23
23
13
17
24
17
21
18
8
18
7
7
23
24
8
15
23
6
24
13
24
17
17
18
7
8
22
18
20
6
10
6
21
21
8
24
17
7
8
14
14
24
24
10
12
22
18
23
10
9
19
6
10
15
17
20
12
24
8
7
23
12
7
9
14
14
7
24
15
21
10
8
15
15
14
23
14
21
23
18
16
21
23
10
9
7
9
22
18
7
10
5
6
5
17
8
12
7
10
9
22
8
22
15
19
14
17
21
14
17
24
11
23
20
14
13
16
17
18
19
5
5
16
14
8
6
21
16
24
8
5
15
17
7
21
8
14
23
17
14
11
11
16
15
6
20
10
23
8
22
24
16
20
5
8
7
21
14
23
16
22
16
16
22
12
15
18
14
23
8
15
17
17
6
9
21
5
18
13
8
19
21
10
13
13
8
23
5
18
21
7
13
11
13
12
14
8
10
6
9
16
14
5
18
17
7
16
18
19
6
14
8
21
22
13
21
23
18
6
14
6
8
12
7
9
13
11
11
20
14
5
23
8
16
17
21
7
16
12
13
21
11
13
15
16
14
12
24
21
14
24
16
14
5
15
9
12
9
23
5
24
6
22
22
22
24
10
14
9
23
19
19
16
7
6
21
11
16
9
15
9
18
5
17
17
10
7
7
10
9
7
8
9
19
22
14
20
12
20
5
22
23
6
11
14
20
22
6
19
20
5
14
9
24
13
23
15
7
14
11
10
20
15
8
15
24
9
20
8
17
11
10
7
13
12
22
8
11
8
23
10
14
11
12
18
5
8
12
9
22
13
6
19
19
7
10
20
13
14
11
11
7
7
18
22
24
19
7
14
23
15
10
20
15
9
22
16
5
7
14
14
13
19
22
15
23
7
24
23
14
6
8
13
14
5
11
14
8
24
11
12
6
17
8
12
14
24
23
23
7
8
24
6
11
22
7
12
5
12
11
21
20
5
19
10
5
23
18
20
5
22
6
18
22
13
21
14
19
8
16
7
5
5
13
22
17
7
24
12
12
12
19
20
14
22
23
18
14
7
23
11
12
7
7
24
12
12
10
18
11
24
24
12
5
17
19
10
18
5
22
17
11
13
17
15
16
22
20
13
7
24
14
20
23
16
14
9
16
20
17
14
21
9
24
22
20
20
21
21
18
9
8
8
21
18
7
7
14
17
19
7
20
18
16
6
13
12
8
23
17
18
20
19
21
6
19
13
13
18
19
11
5
7
23
9
19
23
7
11
9
6
16
15
23
6
11
9
15
8
5
17
9
11
17
7
11
8
10
8
6
20
5
8
11
6
7
24
8
13
15
12
24
22
22
19
22
18
24
18
15
16
20
22
22
22
13
17
12
7
20
17
9
8
22
9
13
12
