715
10
15
13
12
8
14
21
19
21
21
18
22
13
6
23
11
7
22
5
16
9
12
10
13
9
24
6
15
11
10
21
21
9
11
20
17
6
22
24
8
22
16
13
22
20
18
11
14
5
24
23
22
9
23
24
7
9
7
6
15
16
16
13
11
12
15
12
17
24
14
15
16
7
16
11
8
8
18
8
16
9
11
21
14
15
16
22
10
20
5
22
7
12
11
21
12
14
19
16
22
7
8
17
23
21
9
6
11
13
14
13
7
11
5
18
17
8
24
20
14
14
15
18
19
24
24
14
18
8
20
18
8
22
16
16
9
20
20
20
8
8
5
19
10
11
9
13
10
6
14
9
11
15
11
23
14
23
23
16
18
22
24
17
17
5
7
12
14
7
11
23
10
16
20
5
17
20
23
16
5
11
20
13
21
10
23
15
12
9
23
6
8
24
5
16
8
5
13
6
6
8
12
17
9
13
7
21
7
15
23
18
11
18
14
18
12
20
10
23
5
10
9
21
8
18
6
17
14
13
10
9
12
13
6
5
18
8
13
23
6
24
10
15
12
8
6
5
11
21
16
19
19
23
17
8
14
7
23
7
5
13
13
14
14
7
13
10
5
12
11
8
20
7
14
10
14
16
18
20
12
21
17
23
7
7
10
20
10
12
16
18
13
17
11
13
6
13
14
14
8
21
9
8
18
12
5
13
16
6
6
11
13
20
18
23
19
14
17
16
16
9
21
18
13
14
23
17
10
5
23
24
5
15
22
10
8
18
18
15
19
22
8
17
11
9
17
24
6
5
10
9
15
6
15
19
13
23
18
6
20
21
18
23
24
7
19
6
6
14
9
12
5
21
14
19
22
5
12
12
9
6
12
18
17
6
12
12
6
8
20
21
17
10
14
13
20
24
15
5
20
24
14
12
21
21
12
21
14
12
6
8
7
11
24
20
20
11
6
7
19
18
17
6
13
12
11
5
13
18
16
11
10
8
10
15
24
17
8
14
23
22
15
13
24
20
5
14
14
7
8
15
20
19
20
8
20
7
5
7
16
5
20
11
8
5
7
5
21
22
20
6
5
7
7
13
9
15
9
13
21
23
18
20
14
5
5
8
22
22
24
15
24
6
23
14
14
20
23
10
9
18
8
10
16
10
10
21
14
22
5
17
14
22
8
18
24
12
10
5
7
22
20
5
13
16
18
11
11
5
21
14
23
16
21
17
12
24
5
18
5
21
8
13
13
22
15
14
11
14
17
16
22
23
18
17
16
8
17
15
21
24
21
9
15
12
19
20
20
9
14
14
9
18
12
21
6
5
5
14
22
17
15
8
13
9
17
15
17
16
24
9
18
9
11
7
22
23
6
7
6
12
11
23
23
23
10
14
5
8
8
23
10
9
11
10
10
20
5
19
22
10
18
10
8
11
11
12
11
16
21
5
12
15
7
23
5
7
10
12
10
14
11
17
6
20
22
17
19
19
10
21
10
13
24
5
17
15
22
17
7
15
5
7
24
20
22
12
6
10
7
6
24
9
6
20
22
24
20
10
18
7
16
21
10
10
5
19
18
9
10
8
9
12
21
16
16
12
21
12
19
21
10
9
17
7
21
8
23
20
20
12
24
24
15
11
12
