705
10
6
24
7
12
16
12
24
6
24
14
14
20
23
23
5
18
20
8
6
17
20
12
12
20
10
8
22
22
9
17
10
7
13
10
10
9
18
17
11
13
13
17
19
15
6
23
20
7
7
9
15
10
6
19
7
13
6
5
5
24
12
6
9
24
5
16
9
15
9
16
14
21
14
21
5
9
19
21
11
17
5
12
24
19
11
22
7
20
14
12
11
7
7
7
7
16
13
13
22
23
17
16
17
5
13
5
11
10
17
6
24
8
20
13
7
7
14
13
17
14
24
10
11
15
22
21
11
11
21
14
7
5
5
15
24
13
8
14
22
13
13
6
17
12
9
11
11
23
24
12
10
21
14
18
21
7
24
20
18
9
17
22
20
24
13
23
7
13
21
11
8
7
14
13
11
21
9
14
21
7
24
19
15
15
15
13
21
11
5
12
12
7
9
9
7
9
6
5
9
6
19
16
11
15
9
23
14
20
11
22
19
10
7
18
11
19
18
18
24
9
15
5
21
15
5
24
14
20
16
10
15
14
21
10
15
22
22
20
18
8
6
21
19
5
17
20
8
17
5
14
13
15
19
22
16
19
13
22
20
8
22
20
21
7
5
12
6
12
20
7
10
24
24
16
9
12
5
19
12
21
19
20
20
21
15
9
15
10
14
8
21
22
9
20
10
12
22
7
22
21
11
18
19
10
23
5
19
6
7
9
5
24
19
24
13
21
23
5
24
12
10
17
10
18
12
10
12
5
20
22
6
8
8
15
5
10
13
11
7
16
20
20
11
12
15
11
21
13
10
17
24
13
14
6
6
19
24
21
21
6
7
21
6
18
10
20
12
14
5
23
12
14
15
22
16
23
10
24
11
17
9
18
22
22
14
13
9
18
8
11
10
15
14
17
19
10
14
7
23
15
11
24
14
19
9
24
14
12
8
16
19
7
23
5
24
17
14
13
24
15
5
7
18
17
11
10
20
17
12
21
12
14
18
10
22
16
6
10
22
23
17
14
14
21
21
8
20
12
19
7
18
13
10
8
7
14
9
14
13
19
23
7
13
14
12
6
11
12
17
8
24
20
17
22
11
23
10
8
7
10
23
14
11
5
8
8
7
12
16
11
7
24
12
11
18
23
12
16
17
17
23
22
24
16
20
17
22
23
7
9
12
11
7
15
23
22
18
5
7
18
12
17
13
11
14
14
9
9
6
10
13
5
23
8
5
17
14
14
11
7
12
19
13
15
8
16
23
14
13
20
7
16
5
23
11
21
18
7
24
12
6
22
22
24
22
13
17
21
11
6
15
15
24
18
20
6
16
20
6
23
21
5
23
10
23
13
21
17
23
8
9
20
20
12
24
11
7
23
6
19
19
8
9
8
19
17
6
5
21
24
12
9
5
17
18
13
6
24
24
8
9
20
18
6
8
23
11
10
6
5
16
19
6
20
9
22
14
6
15
15
9
15
21
9
21
6
5
19
14
11
19
10
14
6
19
21
10
19
20
9
17
22
9
5
20
11
20
13
13
20
7
11
18
18
6
23
10
20
20
22
20
18
10
14
8
20
14
9
10
17
9
19
6
11
11
5
5
24
21
20
23
18
17
19
22
