710
10
5
16
16
20
11
5
8
19
7
19
7
13
21
21
8
13
21
23
6
14
15
6
9
6
23
15
17
22
18
16
8
17
18
20
9
6
5
8
13
19
17
18
7
20
12
21
9
17
23
23
13
6
13
17
22
21
22
21
7
13
11
10
22
9
13
20
11
12
9
23
12
5
6
15
13
16
18
14
13
16
24
18
23
7
20
9
8
23
22
23
17
19
16
11
9
19
14
7
6
9
19
18
5
10
18
15
9
8
12
12
8
18
5
5
24
13
11
15
21
10
7
6
24
15
15
23
13
14
16
10
23
10
13
17
15
16
21
21
24
5
18
15
17
15
19
19
13
17
23
16
9
9
17
17
11
10
20
6
21
11
21
20
16
18
8
7
8
17
19
18
16
15
19
7
5
19
8
12
9
19
16
22
14
5
8
12
23
19
10
20
14
20
8
22
19
15
10
18
10
12
16
9
15
9
11
11
13
15
6
9
24
7
17
18
10
24
16
12
10
11
22
20
24
15
5
18
20
10
23
24
5
13
8
14
21
8
19
17
6
6
7
21
15
24
6
20
23
16
9
20
10
6
23
16
19
6
12
15
9
10
14
11
19
24
19
14
12
15
23
24
23
19
13
12
20
19
8
20
23
19
7
12
11
15
10
22
11
23
5
6
24
9
12
9
10
9
9
24
14
16
18
23
14
8
6
19
18
7
23
17
10
11
22
21
23
19
14
8
23
17
16
6
13
16
17
7
19
12
18
5
14
20
24
15
13
21
12
14
18
22
18
21
6
15
6
18
12
10
16
16
12
20
21
8
22
14
15
13
18
6
6
16
17
14
10
13
14
12
5
23
9
9
18
7
9
15
7
8
5
15
24
23
10
5
20
23
17
5
9
23
15
6
10
13
17
8
24
19
17
18
11
17
12
15
10
6
16
12
6
6
10
23
12
5
5
10
6
23
21
22
13
13
5
16
12
9
16
19
5
10
20
24
13
5
19
22
18
8
7
12
13
13
20
10
15
14
16
9
13
5
22
8
15
15
6
8
17
12
9
23
10
6
5
13
14
17
20
7
8
11
14
13
5
16
18
19
19
14
16
17
22
20
13
21
20
21
12
10
10
20
5
7
6
15
9
12
16
17
21
5
5
8
20
10
19
15
24
15
12
17
17
14
9
21
17
18
16
23
16
14
17
23
11
24
22
12
24
15
6
15
13
21
24
23
14
11
21
23
10
14
7
11
15
24
10
7
14
22
14
20
21
21
19
9
19
5
17
23
22
6
20
5
24
7
7
8
12
8
17
23
13
19
24
19
18
15
6
10
24
10
22
22
5
22
13
17
21
23
16
7
14
11
5
19
7
14
14
23
10
5
17
8
20
11
22
23
21
12
19
11
12
22
10
19
18
13
9
7
18
14
7
11
14
16
7
16
12
8
10
12
20
19
10
9
11
10
18
9
13
17
14
13
17
17
11
16
9
18
9
20
21
13
24
12
16
15
21
9
22
6
10
23
13
16
5
14
15
7
11
19
14
8
12
21
7
5
19
10
13
5
19
19
18
17
14
23
20
6
15
8
10
7
19
23
6
22
21
16
15
23
18
23
12
8
19
22
11
23
22
7
