785
10
23
9
13
16
8
11
18
16
20
14
11
5
16
12
5
9
6
16
9
13
5
13
13
19
23
19
5
7
5
12
5
16
9
19
24
7
21
8
18
23
8
16
11
8
18
18
11
19
21
15
14
15
18
19
9
19
11
10
16
23
7
22
11
13
9
9
12
5
19
20
22
12
22
15
12
14
21
21
6
11
15
17
13
18
18
5
23
10
16
15
21
5
18
10
21
13
22
20
15
9
10
22
12
14
21
12
19
21
8
7
7
6
11
21
7
5
18
13
20
24
20
12
14
5
21
24
22
10
20
7
7
13
11
24
17
5
19
6
10
19
17
14
22
18
19
8
6
5
13
21
8
21
12
13
6
6
5
8
7
24
7
7
20
22
5
20
24
18
7
14
23
24
12
24
14
5
6
5
20
14
8
23
23
13
20
21
5
17
9
21
24
9
22
22
9
23
21
19
20
19
24
11
10
10
6
14
21
10
24
9
9
11
6
9
8
13
20
16
15
21
22
13
17
6
23
19
6
14
7
10
8
22
20
18
10
11
15
8
13
21
13
23
15
9
12
20
16
20
5
7
13
24
15
22
21
20
9
23
15
20
22
23
9
9
6
10
18
15
14
22
7
10
5
19
16
16
13
20
15
14
5
21
6
12
13
6
13
18
16
17
24
20
15
19
19
14
10
15
13
11
12
20
18
9
12
14
23
23
22
21
21
11
13
6
11
5
15
11
22
16
16
10
6
7
5
14
21
24
12
6
24
7
24
18
8
7
22
11
9
23
19
11
9
7
22
23
6
16
6
11
9
6
9
20
24
13
8
12
17
16
24
18
9
11
18
8
23
7
19
19
9
12
11
6
9
18
14
19
17
17
21
8
13
20
7
14
19
10
6
24
17
16
14
7
7
6
12
17
24
24
19
5
23
13
22
14
11
5
15
11
11
24
9
15
24
18
22
17
13
13
24
16
22
6
6
22
14
17
11
11
23
16
14
17
11
19
9
10
20
14
19
10
9
12
22
24
20
17
18
16
12
22
9
11
8
12
8
10
23
19
18
12
19
15
8
24
17
14
20
24
19
23
8
5
10
22
15
19
11
20
16
24
15
19
22
12
18
24
20
20
17
22
18
13
14
7
5
5
6
5
22
6
6
19
12
19
10
5
13
19
21
23
14
19
11
6
14
8
14
9
22
11
12
7
10
15
22
21
21
13
13
5
11
5
19
6
5
24
13
10
15
6
20
6
21
12
23
20
23
8
6
12
18
24
13
13
24
12
24
14
17
19
19
5
20
14
23
8
9
21
20
17
13
19
18
17
5
21
11
12
13
22
7
7
12
10
14
22
16
17
23
17
7
23
11
10
21
15
14
6
10
13
5
14
21
17
20
16
6
6
11
15
21
19
8
23
16
9
21
15
11
14
17
18
12
14
21
16
5
17
23
14
15
5
19
16
12
14
10
12
17
15
12
17
10
23
11
5
14
6
10
11
16
19
20
9
24
11
5
19
9
16
11
14
11
8
11
24
12
24
20
19
20
5
13
9
9
18
22
20
18
20
15
7
20
11
9
6
12
15
7
10
12
12
23
9
24
18
23
13
21
20
13
15
12
16
18
16
18
12
14
20
5
12
10
23
23
12
16
9
14
5
8
18
7
16
24
15
9
16
10
12
22
14
10
23
14
18
23
6
24
24
23
21
13
5
22
19
16
21
17
11
24
10
15
10
17
18
9
16
9
13
12
5
20
18
7
23
8
9
13
6
16
24
8
19
19
19
16
18
8
21
23
23
12
