765
10
21
13
15
16
19
20
9
8
5
24
10
16
18
11
15
24
18
20
16
16
21
9
13
7
8
5
20
12
8
20
12
18
24
13
5
6
22
15
19
17
11
11
9
7
6
14
19
16
14
23
15
13
15
24
13
16
12
10
14
17
16
15
7
8
23
12
8
20
9
12
23
17
5
24
7
23
20
21
17
20
12
16
6
17
20
24
9
9
22
15
17
10
24
19
22
20
18
16
8
23
20
20
24
24
24
6
23
17
7
12
14
12
16
19
8
24
15
21
12
19
23
19
15
6
7
21
6
9
16
19
9
14
16
18
22
14
16
5
17
13
7
6
14
8
22
24
9
20
16
6
11
22
7
10
9
21
18
5
6
16
22
15
11
13
12
15
10
19
16
17
17
17
24
20
24
16
13
16
17
20
19
12
9
10
21
20
8
24
7
22
19
18
16
16
22
9
8
7
16
19
10
22
15
12
23
17
5
16
10
5
16
17
9
7
15
7
18
9
10
22
16
17
9
21
9
16
22
10
8
22
19
6
8
8
15
15
15
7
16
11
9
9
18
5
21
6
21
24
15
6
16
12
20
21
15
22
11
8
15
10
21
11
16
12
15
8
24
20
16
11
10
11
18
15
15
20
19
14
14
23
13
9
11
13
16
11
17
21
24
17
17
15
14
23
10
12
11
17
24
22
11
24
18
14
13
15
24
12
16
23
22
22
11
12
9
22
15
7
8
6
5
17
20
9
23
21
22
20
11
19
18
10
23
12
21
6
13
18
15
16
23
24
6
7
7
18
16
22
17
17
24
16
14
22
20
23
16
10
19
14
24
18
11
11
16
12
14
17
7
22
9
5
16
22
10
24
23
19
15
17
14
8
16
9
6
19
5
13
10
22
10
23
7
10
17
18
15
7
14
12
15
21
18
13
11
8
17
6
5
20
9
12
11
21
13
20
10
9
12
20
8
16
19
16
5
19
13
6
6
11
20
11
21
13
6
24
5
7
12
17
9
7
24
22
22
7
10
12
6
6
15
19
15
17
17
15
17
14
19
23
7
17
13
10
12
20
14
9
5
23
22
22
21
14
10
12
6
23
19
23
22
19
7
23
17
17
20
13
21
5
15
18
22
16
5
13
5
5
12
8
7
24
20
23
7
23
9
17
16
5
22
23
14
5
20
7
24
23
5
18
23
6
13
6
17
18
7
24
24
5
9
13
24
13
13
20
16
20
20
17
6
5
12
5
5
19
23
7
19
12
8
9
17
12
22
8
6
24
15
6
9
22
6
9
15
11
18
19
20
20
11
13
7
22
8
9
5
21
14
24
11
12
24
16
11
15
12
23
12
13
22
21
8
6
9
16
12
17
18
15
19
12
13
8
15
5
20
23
8
15
19
17
6
22
5
22
7
24
16
23
8
18
20
23
24
15
23
9
15
16
22
15
8
6
24
15
11
5
20
11
18
5
12
22
22
19
24
18
11
5
18
21
9
15
16
6
10
7
13
20
21
24
13
9
21
7
11
17
18
15
13
9
5
20
19
8
15
23
9
10
21
24
19
20
15
19
19
8
22
5
5
22
13
21
16
11
12
16
10
18
12
15
14
9
19
18
22
23
19
21
19
20
18
23
9
5
10
8
24
22
16
21
5
22
11
22
7
11
21
16
17
11
21
12
20
11
5
17
7
18
20
18
19
21
5
12
6
23
10
15
24
12
20
24
24
8
8
11
5
11
10
11
16
23
6
