730
10
13
23
5
21
9
23
16
14
17
18
13
5
13
23
14
8
15
18
17
22
11
22
16
23
23
12
21
17
10
22
12
9
11
10
18
19
9
20
15
15
5
7
5
20
16
9
8
7
12
10
10
9
14
10
20
14
17
18
6
6
10
16
20
10
16
16
6
20
23
23
12
21
14
20
15
7
22
14
23
11
14
5
10
9
9
9
18
11
7
17
7
13
19
18
24
14
9
23
20
16
24
5
13
13
5
23
13
18
24
7
13
19
7
9
11
6
20
22
15
13
11
5
10
21
14
6
16
12
22
12
8
7
12
13
22
14
24
9
22
10
5
19
8
24
17
20
24
16
21
14
22
9
10
22
6
24
7
15
11
24
19
22
23
13
6
11
13
18
12
22
18
13
14
19
24
13
17
19
9
19
13
15
20
10
8
8
19
5
20
22
10
23
16
7
11
6
6
15
12
21
20
9
9
8
13
13
10
23
16
10
14
11
10
12
13
20
13
18
13
16
11
14
16
5
20
21
18
22
20
6
19
12
22
11
19
8
9
15
14
10
8
17
15
20
15
14
8
13
16
13
13
9
20
7
7
13
5
21
15
5
17
11
11
10
5
5
21
15
12
12
24
17
18
23
24
18
13
15
18
18
7
9
9
24
14
17
24
24
5
7
18
15
5
18
24
12
9
12
21
23
10
13
19
16
18
17
10
5
7
21
23
14
21
10
7
9
9
13
18
17
22
22
15
8
19
12
10
14
17
7
13
18
7
13
24
20
16
11
8
13
18
19
7
18
9
8
22
12
18
14
19
9
22
16
14
16
23
24
12
15
15
20
12
22
16
20
18
17
16
5
9
22
12
18
17
21
8
10
6
9
24
24
8
19
6
11
20
23
13
22
7
20
9
5
18
5
24
6
22
22
9
22
19
20
8
9
21
9
23
5
19
12
8
11
8
12
19
16
19
6
6
22
14
24
24
8
19
17
8
12
24
15
9
16
22
16
24
16
17
22
8
17
18
13
9
16
17
24
15
22
5
15
18
5
7
23
8
21
20
13
19
5
8
14
18
5
20
16
20
15
15
9
20
22
21
16
11
6
12
18
15
23
13
15
12
10
8
15
5
18
7
8
22
21
9
8
6
22
10
13
20
19
19
17
23
19
22
13
15
21
8
18
18
21
19
22
16
5
17
21
15
13
14
16
8
24
20
12
7
6
13
8
5
10
11
15
21
5
24
13
20
10
23
21
6
13
19
21
11
15
11
24
10
11
20
8
5
7
24
11
14
7
16
23
15
19
13
11
6
8
7
14
23
8
10
7
18
19
6
14
12
23
6
17
6
24
9
11
6
21
18
20
15
19
23
19
20
19
17
8
9
12
15
9
11
23
24
19
9
15
18
23
15
17
9
23
19
20
5
23
10
6
6
12
18
15
6
5
10
12
9
14
8
5
24
14
16
19
14
17
13
20
17
14
9
5
14
16
24
14
17
23
10
19
19
22
11
15
17
23
13
5
23
19
10
14
14
6
15
13
16
18
8
11
10
20
5
24
22
16
11
16
11
11
5
7
11
16
22
6
5
11
12
6
23
8
10
20
6
11
11
20
21
6
8
8
21
10
8
5
8
16
6
12
21
23
19
10
7
14
15
14
24
11
15
16
19
11
5
7
