740
10
17
10
8
19
15
22
12
22
12
23
9
7
5
13
8
9
5
15
8
11
10
14
10
9
17
7
9
7
10
5
8
8
7
22
13
16
16
8
7
6
10
9
16
13
9
16
5
23
15
19
8
8
22
18
21
10
13
5
13
10
11
23
15
7
14
15
8
19
16
7
23
21
12
21
10
14
20
14
8
21
7
23
20
19
22
22
15
5
7
21
18
19
6
14
23
5
16
18
9
5
18
9
19
12
12
9
7
16
15
7
13
12
16
23
16
10
19
22
11
9
9
9
16
22
6
10
17
9
10
16
9
18
11
17
12
11
20
23
19
13
10
11
15
7
16
18
24
18
24
11
17
15
5
22
19
23
24
7
24
8
8
14
19
18
6
8
5
5
21
24
22
15
15
15
23
10
6
9
24
7
6
12
15
10
20
24
11
14
19
10
6
10
10
15
18
5
23
12
16
19
24
8
9
5
13
22
16
18
13
24
16
17
12
5
15
15
18
15
21
19
11
10
12
13
16
18
16
20
11
19
7
12
15
10
6
6
21
12
11
19
19
7
17
5
11
11
17
6
7
14
15
22
13
11
17
12
10
10
8
17
14
21
10
21
15
15
11
12
21
21
12
8
18
22
9
5
22
5
15
6
11
22
15
20
16
18
10
5
20
12
11
13
22
12
22
5
12
24
7
14
20
14
11
6
11
12
6
6
5
15
15
11
10
15
12
11
13
14
11
8
22
24
11
9
17
6
7
13
9
22
6
8
15
6
7
16
6
7
15
9
17
14
17
6
24
17
18
8
23
23
24
23
19
9
9
15
19
18
12
20
20
24
20
9
5
13
21
7
11
13
8
16
21
24
15
19
20
12
22
19
22
9
8
15
5
5
14
17
11
24
19
15
20
5
21
15
15
16
16
11
10
22
14
9
22
11
23
13
16
19
14
21
15
13
24
10
14
10
21
17
17
9
21
13
24
12
6
13
20
22
5
10
15
24
15
14
7
19
13
21
14
7
24
16
13
14
15
12
7
17
14
21
10
24
13
15
5
22
18
19
8
7
24
7
10
9
5
5
8
6
23
18
8
8
18
10
5
12
6
8
21
18
5
15
9
21
9
17
12
23
21
9
24
19
16
16
10
10
14
16
22
18
14
24
12
22
22
9
10
12
5
19
10
24
7
21
18
5
22
6
15
6
15
11
8
15
6
21
21
19
16
21
8
10
9
21
11
12
15
14
12
17
11
24
15
8
18
17
18
11
19
14
15
21
16
5
10
22
14
7
9
12
22
14
7
15
18
18
5
19
6
18
16
23
5
24
8
22
12
5
20
23
17
18
24
6
24
7
24
20
15
10
24
8
21
9
22
11
6
22
10
16
13
19
13
10
19
18
8
18
7
20
9
9
20
10
18
18
23
5
14
6
18
17
20
9
15
5
17
12
17
15
22
8
6
7
8
15
24
23
5
24
13
9
20
22
7
9
9
16
22
7
14
19
19
5
22
5
17
13
13
10
14
5
13
6
15
5
8
17
5
6
10
19
9
14
22
13
15
15
5
22
24
9
19
15
13
21
14
20
20
19
13
23
10
5
11
16
22
20
13
8
22
12
22
20
24
6
10
10
12
14
9
18
13
23
6
6
17
9
8
20
7
10
14
9
20
14
23
23
10
6
16
5
10
5
19
19
16
20
