780
10
11
18
24
10
22
24
9
10
15
16
8
23
11
8
15
14
13
18
9
15
18
20
13
13
7
22
14
12
20
10
21
10
10
12
13
7
11
12
13
14
6
5
13
11
6
12
23
6
11
14
9
22
7
19
23
10
8
20
10
21
8
12
12
14
7
7
12
22
9
8
19
22
15
13
21
8
23
5
18
23
16
6
24
17
11
20
21
6
5
23
15
21
23
13
20
21
13
8
9
10
24
15
23
10
17
15
9
17
18
22
20
5
7
5
20
19
7
19
9
11
14
17
10
6
15
16
10
23
23
18
5
23
17
14
22
22
13
8
15
15
7
20
11
12
5
14
8
24
14
19
12
14
14
20
13
7
15
22
6
15
14
21
10
9
10
9
8
6
23
18
16
24
7
19
24
12
6
11
20
5
20
10
17
7
6
23
5
9
24
7
19
23
10
17
21
5
10
8
12
21
18
15
5
16
5
23
18
16
5
20
7
21
21
5
6
10
6
22
15
23
20
18
6
14
10
18
14
7
18
18
6
21
16
13
16
22
18
7
11
18
12
23
15
17
9
7
15
19
14
6
21
6
5
24
22
15
15
5
10
10
8
23
11
20
15
14
23
14
8
20
15
20
13
22
15
12
9
14
5
10
14
5
9
21
7
21
15
16
14
16
15
18
19
17
7
19
20
5
8
13
17
9
19
16
13
7
11
22
12
19
15
23
13
5
9
16
12
20
22
11
12
13
19
19
11
22
21
11
6
18
9
14
12
15
22
24
24
24
19
20
23
17
22
21
24
24
15
20
6
10
23
21
12
7
8
14
9
19
22
6
19
22
20
17
22
18
5
13
18
24
15
9
5
17
14
14
19
8
5
12
20
14
5
11
5
10
23
11
23
11
21
5
13
11
19
7
18
17
24
24
18
7
15
10
6
19
10
8
6
12
9
5
23
10
13
11
10
6
21
5
16
19
23
24
5
23
8
8
16
13
14
23
13
18
7
22
6
14
22
17
24
21
10
6
17
23
10
14
12
20
24
24
17
19
7
14
23
13
21
14
24
14
15
22
11
11
11
13
21
7
15
11
6
9
15
7
20
24
5
12
7
14
18
5
8
22
22
17
11
24
13
19
7
8
13
19
8
24
11
8
8
14
5
11
8
13
10
9
16
7
18
12
18
6
22
19
24
21
24
12
20
23
23
11
24
6
17
13
23
7
11
10
10
22
19
9
6
10
6
19
23
9
16
12
23
7
19
6
13
12
7
14
19
23
17
13
7
24
13
12
17
6
15
8
12
24
14
17
12
7
18
14
7
18
11
23
12
5
7
7
15
10
22
21
16
9
14
17
12
20
21
19
10
20
11
17
24
16
13
15
21
12
16
13
11
17
24
24
14
16
5
21
19
20
11
7
7
22
6
20
24
20
24
24
18
14
7
10
24
13
9
11
6
9
23
21
12
15
18
5
20
16
24
17
20
17
22
9
24
5
9
21
14
8
15
21
13
14
12
14
12
20
5
21
23
18
23
8
20
15
6
24
12
14
22
10
19
15
12
8
6
13
18
5
11
10
5
15
10
6
16
17
10
21
18
20
24
12
16
5
17
22
16
10
16
16
14
21
6
16
21
6
6
9
7
23
9
24
19
18
10
20
16
20
8
23
23
14
20
18
18
9
11
16
23
11
21
12
8
20
15
24
12
16
16
14
7
23
22
14
8
19
9
6
24
14
5
15
9
9
9
7
9
10
20
5
16
11
23
9
11
18
13
17
10
18
12
13
6
14
