745
10
8
5
13
20
23
13
17
6
10
7
24
23
15
23
5
22
12
10
19
24
23
9
15
8
17
14
18
13
15
19
15
12
10
23
23
11
6
9
10
24
14
6
13
22
8
23
5
15
12
17
8
17
20
18
13
6
14
13
19
8
22
18
21
23
16
7
24
12
6
19
10
22
10
22
19
7
18
18
23
8
14
9
22
18
19
15
16
18
19
19
14
16
12
6
15
5
6
12
20
18
22
23
21
21
8
6
20
15
14
8
17
11
5
10
13
19
13
15
9
5
19
15
19
9
23
10
11
10
16
23
11
6
14
13
17
16
19
11
22
13
7
16
20
19
15
5
6
15
10
24
12
13
13
5
10
18
24
24
6
22
10
18
22
20
8
9
16
7
19
24
16
22
10
12
24
12
23
6
24
15
21
8
5
12
19
10
24
8
21
14
20
5
16
21
8
23
21
15
11
22
8
17
15
18
15
10
9
19
20
19
23
7
14
24
24
24
8
21
20
15
14
10
8
11
7
19
17
16
24
19
6
21
9
15
9
17
5
19
23
6
12
6
7
10
10
21
8
7
12
23
22
10
14
14
12
5
13
20
21
7
14
12
21
17
24
21
20
6
12
8
21
15
6
7
5
9
9
13
10
20
23
10
7
6
14
7
14
10
11
5
13
15
10
20
8
9
16
16
23
14
13
19
24
17
10
9
16
7
14
13
22
8
9
5
14
19
18
5
11
6
21
17
8
9
6
21
10
16
21
11
15
8
12
17
12
19
15
8
16
22
9
21
16
5
14
10
11
8
13
16
19
13
16
12
19
20
10
9
12
20
23
7
11
9
12
22
24
16
7
17
9
24
8
12
23
21
18
5
6
14
11
24
5
15
22
7
8
10
15
18
10
8
10
11
19
9
14
6
10
21
17
15
20
21
8
16
12
22
9
6
12
17
5
21
15
20
17
18
21
9
24
13
7
5
22
15
19
7
21
24
16
23
21
6
24
14
7
8
19
22
7
22
20
16
10
15
19
5
7
7
9
17
10
10
13
9
19
20
24
5
6
18
11
23
19
23
6
15
5
19
20
8
24
17
15
12
11
9
17
12
18
13
9
7
21
5
18
10
21
17
9
16
24
19
23
16
11
22
16
12
21
7
7
24
12
14
23
16
24
5
15
23
16
17
8
15
20
14
15
18
17
14
22
7
8
14
15
17
21
13
20
20
12
22
19
10
11
21
18
22
24
13
12
21
23
5
18
5
23
13
16
7
5
12
19
8
5
16
21
24
9
11
21
24
10
21
17
7
9
7
7
12
20
6
11
18
5
12
15
20
23
21
12
8
10
6
13
15
20
6
23
9
11
13
16
7
13
12
9
21
15
19
18
10
23
13
13
6
12
23
16
13
24
20
8
5
12
21
7
14
12
6
17
6
7
5
19
6
24
19
15
6
11
13
20
21
5
20
9
14
10
13
8
23
9
21
9
11
11
24
10
15
14
17
13
13
5
10
8
5
5
22
14
17
22
18
12
5
8
8
5
20
13
23
11
7
15
23
8
20
24
8
24
11
10
15
6
12
10
17
7
24
12
13
8
22
24
17
18
10
17
17
15
14
20
20
13
5
13
19
16
18
9
24
7
9
19
8
19
5
16
13
6
18
14
24
23
5
14
15
11
23
14
11
16
23
10
20
15
21
24
10
23
8
15
