770
10
16
22
13
20
24
18
22
15
8
13
20
13
17
13
10
23
14
23
24
13
7
24
7
15
13
10
5
6
11
5
18
22
14
14
22
17
19
18
6
21
11
18
5
8
20
22
11
5
18
11
15
18
10
13
23
5
6
22
22
8
7
7
11
10
21
17
21
19
12
23
6
8
12
14
10
13
18
13
12
20
6
8
8
20
5
5
15
14
12
16
20
23
24
8
22
22
18
13
16
13
11
12
21
20
16
5
7
14
19
6
21
18
5
6
22
6
13
24
22
14
19
14
17
15
7
17
15
14
13
20
14
8
16
21
11
5
19
24
20
7
19
8
11
5
9
7
20
20
21
14
13
13
7
18
11
16
22
9
19
10
10
13
22
7
8
16
13
7
13
5
13
19
23
7
14
18
8
9
8
7
13
14
15
15
12
18
20
16
11
13
9
5
20
24
10
19
10
23
19
22
5
10
10
6
14
13
17
13
23
18
17
18
18
5
18
11
5
20
7
12
9
9
14
5
16
13
13
14
14
19
20
17
16
18
19
5
13
20
9
6
9
20
22
14
7
6
22
19
23
15
19
10
9
8
13
24
14
17
15
23
12
7
5
6
6
5
16
23
10
24
5
13
19
18
9
18
12
15
16
5
22
19
22
17
10
7
15
8
18
14
23
19
9
16
5
11
19
16
5
8
15
10
9
14
6
24
21
22
17
9
12
11
22
21
11
6
20
21
24
15
23
10
11
5
20
10
5
22
23
13
10
9
16
10
11
17
12
7
22
15
15
23
21
19
18
7
17
24
15
12
7
6
11
20
18
6
17
8
20
9
13
13
12
9
15
16
5
9
5
21
8
24
9
23
7
22
20
11
22
15
12
18
8
13
20
20
20
17
9
7
7
21
14
21
21
17
6
11
19
20
19
8
15
6
23
14
15
12
6
7
21
16
14
11
12
12
7
18
9
18
15
10
5
10
22
8
18
20
12
20
14
16
16
22
19
20
17
11
17
10
13
5
6
11
21
16
7
19
11
11
5
6
15
15
11
12
9
6
20
19
5
23
17
23
5
13
16
7
8
23
8
21
20
13
21
22
14
5
20
18
18
13
12
24
22
16
24
15
11
15
5
24
14
23
17
15
22
20
6
17
11
18
5
16
5
13
17
23
7
22
12
9
22
14
18
17
18
9
5
19
15
8
22
14
22
17
21
9
19
16
13
5
19
8
15
10
6
6
20
14
14
22
10
23
8
17
15
16
5
20
18
12
10
15
20
7
13
24
22
9
23
19
13
20
10
12
15
15
16
17
13
6
19
10
23
14
12
22
19
17
23
6
14
17
24
18
9
11
16
14
12
11
23
15
10
5
18
22
16
18
7
16
24
19
16
14
22
16
17
13
6
13
22
18
5
12
16
8
7
14
17
24
18
11
7
10
16
5
22
16
7
17
6
5
21
10
19
21
20
10
17
6
16
7
12
22
16
15
24
12
12
9
18
21
17
5
11
14
19
6
23
16
7
14
14
23
20
18
11
20
24
21
10
6
13
12
24
23
23
12
14
9
6
7
19
19
12
8
10
6
11
15
24
7
9
18
23
23
6
12
13
10
19
7
9
15
22
15
11
9
17
21
11
16
16
21
6
19
7
22
18
19
5
9
13
16
12
10
5
15
5
23
12
16
13
9
9
23
17
20
19
19
7
11
7
10
13
14
9
24
19
22
17
11
23
15
6
20
9
8
8
16
14
19
8
6
21
7
16
5
