755
10
10
23
19
17
17
14
19
11
12
7
19
22
12
20
11
20
10
21
16
23
7
17
20
20
12
13
16
16
14
16
11
12
14
23
21
9
10
11
15
21
18
21
14
22
19
18
24
8
16
24
14
23
20
18
6
7
15
15
14
11
23
18
10
10
14
18
17
21
23
9
6
22
11
12
24
17
11
17
8
17
16
24
12
7
6
21
23
11
10
7
16
21
14
24
6
10
11
16
13
19
24
18
16
19
13
7
24
5
23
6
18
9
18
14
20
20
22
10
12
21
8
14
22
19
16
16
21
16
9
22
6
8
15
12
10
18
9
15
22
8
19
19
8
11
8
17
11
18
22
9
11
11
14
20
12
16
12
15
11
9
23
12
24
24
5
21
19
5
22
11
21
15
16
9
22
24
16
14
5
9
15
14
7
15
20
20
22
23
10
5
11
20
6
9
24
14
15
23
7
23
10
15
22
6
12
16
12
5
11
13
6
12
14
9
13
13
13
14
24
19
14
23
5
9
13
10
19
23
20
9
19
5
14
9
14
5
17
5
7
7
8
5
22
24
18
18
12
19
7
11
18
9
16
19
18
5
9
14
20
12
7
18
15
17
5
14
11
15
10
22
15
14
12
10
5
21
7
14
21
23
15
23
16
21
20
22
13
22
10
18
18
22
15
20
18
5
17
5
10
10
15
13
18
20
14
9
7
19
9
7
23
8
16
13
13
14
7
9
22
11
16
5
9
12
5
10
24
9
23
11
7
8
8
20
6
23
24
18
23
10
8
14
10
23
12
17
7
10
20
14
6
13
6
8
16
21
22
16
9
11
14
7
6
9
17
16
19
22
24
20
15
17
17
8
11
7
12
24
24
11
15
7
24
6
12
14
5
16
7
6
18
21
11
23
15
23
19
10
16
9
18
8
13
9
22
15
5
24
23
10
5
18
24
10
9
21
16
20
22
22
14
24
11
14
10
11
10
12
8
20
5
13
16
17
7
14
17
8
9
22
14
18
10
14
15
5
12
14
20
10
17
23
21
21
19
23
22
24
18
17
22
24
11
17
8
12
11
12
17
24
14
5
13
13
12
21
12
14
22
13
17
15
16
6
23
11
10
10
16
22
13
10
24
17
17
5
22
12
18
22
22
13
16
22
7
10
21
9
8
11
9
15
14
19
8
8
16
21
16
9
20
20
5
11
14
6
12
13
23
18
8
13
24
17
20
12
13
6
21
19
17
15
16
15
8
19
9
14
5
19
23
20
5
14
24
19
24
17
15
10
19
13
13
9
8
14
6
12
7
24
14
7
17
17
20
14
19
23
11
10
20
9
16
21
16
13
16
16
14
24
22
19
6
22
17
10
12
10
20
20
12
13
23
21
19
23
20
22
14
10
6
20
15
20
5
10
21
17
14
24
21
5
6
8
11
20
16
24
22
15
16
6
21
9
16
8
23
24
17
9
22
5
5
18
12
14
17
6
23
5
14
15
16
7
7
14
15
8
13
14
5
23
18
6
18
6
12
21
13
7
5
6
19
23
22
6
21
20
5
22
11
18
8
7
15
10
23
7
21
21
22
17
9
17
21
22
18
19
13
20
22
10
15
10
24
8
8
9
17
14
12
12
5
7
20
6
18
9
16
18
7
24
9
17
14
12
9
20
6
14
21
21
8
8
24
19
18
6
6
19
17
24
14
6
16
13
10
21
9
6
22
24
10
17
20
