790
10
24
24
20
21
17
6
24
21
18
21
23
13
20
20
23
15
24
10
17
10
6
13
21
21
14
20
7
11
5
15
18
21
18
15
24
14
9
8
21
20
14
5
5
23
23
18
9
8
11
19
14
20
19
8
24
19
15
21
6
8
6
17
12
23
12
12
11
18
20
22
8
5
6
6
11
12
11
24
7
7
24
24
19
11
10
13
9
8
7
9
7
11
6
17
12
13
13
5
8
21
12
23
8
19
18
6
9
14
24
19
6
5
14
19
6
23
19
19
12
21
9
9
7
16
17
8
22
20
17
8
8
11
7
15
18
15
20
16
10
16
22
11
20
14
18
9
13
8
18
14
15
5
10
17
20
20
23
21
10
7
22
11
19
8
11
11
15
21
9
16
15
22
21
14
11
13
16
11
9
22
11
19
16
17
14
5
22
10
21
5
5
19
21
23
21
13
6
6
16
9
7
5
12
13
6
18
7
8
19
11
17
22
10
18
18
13
19
9
7
22
17
22
18
16
20
8
10
20
6
21
13
18
22
20
17
23
11
11
14
8
7
22
23
6
15
14
17
13
20
17
13
16
8
19
5
10
19
10
5
15
6
7
24
20
21
10
6
10
5
24
14
12
17
8
5
20
18
19
10
24
15
17
17
12
11
5
7
12
9
13
23
9
9
20
15
21
13
5
22
13
21
5
6
6
9
16
12
11
20
17
24
23
8
21
19
10
8
14
14
23
19
5
8
22
9
17
21
19
21
22
15
12
21
11
19
6
22
16
16
11
7
5
11
9
16
24
18
19
16
10
12
10
16
9
20
22
17
17
18
23
10
9
11
15
10
9
8
13
8
23
16
17
20
15
23
7
19
20
12
10
12
24
17
18
9
15
14
22
21
5
19
24
12
22
10
18
21
8
5
19
16
8
6
11
16
22
5
5
20
15
23
15
6
8
15
11
14
9
19
16
9
8
10
19
13
17
22
6
16
11
6
16
18
13
8
11
9
22
16
6
8
10
24
14
12
19
20
17
22
9
11
14
21
6
18
24
8
18
5
13
13
6
8
11
9
12
19
7
16
19
12
7
18
5
15
11
20
8
12
19
17
21
14
15
20
24
24
6
19
24
8
17
10
14
13
17
6
6
22
13
18
22
14
12
23
17
11
18
12
23
13
5
16
10
16
7
8
17
10
14
22
9
23
13
17
18
24
6
24
12
23
12
9
23
21
24
18
20
9
12
10
13
13
13
15
8
24
14
12
10
23
8
10
11
14
21
13
11
14
13
16
16
12
5
19
9
9
20
12
7
13
7
12
6
7
21
21
11
23
12
12
14
15
11
19
12
24
17
5
8
21
7
21
19
22
6
18
8
18
16
20
17
11
13
13
20
19
22
10
15
9
9
12
5
7
20
12
18
7
5
11
21
20
15
16
16
13
21
12
9
9
19
7
24
7
5
20
17
22
23
7
20
18
22
9
24
17
11
10
22
17
18
10
19
23
7
12
5
8
8
19
23
9
6
20
11
12
23
15
9
7
13
12
18
17
14
13
14
11
11
16
12
10
19
13
5
18
13
10
13
13
5
9
6
6
9
20
13
24
7
13
19
10
24
24
9
16
21
21
24
17
13
22
8
16
19
18
20
6
21
10
8
14
7
21
19
21
7
15
20
13
10
14
7
16
23
20
8
5
7
21
13
22
17
14
6
21
12
12
11
14
16
23
5
20
6
22
13
16
17
16
10
7
6
13
6
15
11
11
5
8
12
13
14
21
22
5
22
11
10
11
22
11
14
17
13
19
19
6
13
