775
10
22
20
14
8
23
13
22
23
15
14
9
20
5
17
6
23
14
19
12
19
13
16
13
20
10
14
11
16
21
11
10
10
16
17
6
17
5
7
5
18
13
6
20
14
21
6
24
19
20
19
23
14
7
12
19
5
9
7
14
22
18
11
19
16
22
12
21
6
24
22
17
8
13
5
12
18
20
23
12
12
19
15
16
22
24
14
6
20
19
5
12
8
7
15
15
12
5
5
20
20
7
12
14
16
11
19
9
7
24
18
13
24
10
22
10
18
11
7
12
15
17
16
24
5
12
15
6
13
12
13
23
10
12
12
14
23
14
19
18
24
19
19
11
11
23
10
22
7
18
6
8
6
22
20
7
13
13
13
24
24
7
22
17
8
10
15
15
24
18
19
12
23
23
21
23
7
18
13
24
14
8
15
23
19
18
8
5
16
14
15
22
13
16
12
8
6
13
11
20
16
16
14
23
20
22
12
11
10
8
9
8
24
21
19
16
8
11
18
18
14
20
21
19
11
12
13
22
12
20
24
10
11
15
15
7
21
15
16
13
12
9
12
17
20
8
5
7
13
10
24
18
15
5
6
15
7
18
12
16
6
13
21
7
17
12
23
16
19
6
7
5
11
12
11
21
5
23
10
20
24
22
7
24
24
18
10
15
9
19
13
13
8
23
6
13
5
19
18
21
11
6
22
13
9
17
22
10
6
9
21
16
15
5
7
9
24
19
14
6
20
22
23
11
11
18
24
7
8
7
5
19
16
9
23
19
6
5
13
17
20
22
18
21
14
19
17
21
10
17
13
24
17
21
24
8
6
14
14
14
5
9
18
18
10
18
13
11
11
20
12
9
8
10
14
22
15
5
23
24
12
6
7
5
8
12
18
13
9
23
20
9
17
8
6
17
21
13
21
15
12
13
15
20
23
9
8
16
24
10
17
22
22
19
21
6
8
24
6
18
8
17
19
24
24
12
8
18
5
18
6
13
9
17
18
20
15
15
12
5
5
23
5
10
18
5
18
14
6
8
24
7
23
8
18
7
9
23
18
7
7
17
17
20
17
11
20
18
18
8
23
20
7
12
14
17
5
6
19
17
13
21
12
11
19
8
14
23
6
10
23
5
5
10
17
8
9
24
7
22
11
24
9
9
14
12
12
7
12
12
15
23
18
19
10
19
22
17
14
11
16
8
18
20
5
13
14
18
16
19
21
19
10
15
17
5
14
7
6
20
14
21
19
13
21
9
22
23
14
19
15
19
22
10
9
23
18
10
5
21
16
5
12
11
16
10
19
14
14
14
13
7
11
19
10
14
6
19
16
15
22
15
12
8
22
15
10
11
16
13
5
17
10
13
14
20
11
15
12
23
15
13
14
5
7
12
8
18
24
6
8
14
6
23
17
24
8
17
11
13
15
18
18
22
9
8
16
11
21
19
19
21
13
7
7
10
10
10
18
14
24
18
9
14
22
8
23
5
14
20
22
10
15
5
13
21
19
5
6
11
16
14
24
6
11
13
17
22
13
19
7
9
21
18
9
13
6
14
13
7
14
13
8
9
5
22
14
9
21
5
24
22
18
17
8
13
10
22
16
20
18
5
12
19
12
7
22
8
19
18
15
24
20
7
9
16
16
5
7
23
6
16
10
18
22
22
22
18
17
14
16
14
23
11
20
20
13
24
21
18
15
14
22
18
22
15
13
21
15
22
15
9
8
5
16
8
13
14
7
14
21
23
5
6
15
21
7
13
16
14
15
5
24
7
22
16
