700
10
17
22
22
14
19
12
11
7
20
8
16
8
12
20
17
15
23
20
19
12
9
18
24
13
7
24
16
20
9
23
7
17
17
7
5
23
8
11
24
8
13
8
21
20
24
13
22
24
13
17
20
15
9
16
9
18
8
21
21
6
14
21
20
10
21
14
20
21
21
6
19
17
11
19
11
10
11
16
6
14
16
14
15
13
10
6
24
14
16
22
14
12
16
11
13
7
21
5
19
15
24
11
6
20
23
23
11
24
9
22
11
6
6
9
20
16
24
19
8
16
8
11
18
9
20
6
17
8
10
22
23
5
9
22
7
7
11
5
12
12
12
7
11
12
22
12
16
22
14
16
16
13
11
12
13
13
18
10
19
24
14
7
16
8
18
10
12
23
9
22
15
18
14
18
11
24
20
17
14
11
17
20
5
21
20
5
12
24
17
9
7
12
7
10
5
15
9
12
15
19
8
24
7
16
20
16
19
17
21
10
22
5
9
8
11
11
9
9
18
7
6
6
24
24
20
9
10
18
14
23
17
5
20
17
9
24
5
16
7
17
23
5
5
14
10
20
19
21
10
14
8
17
5
15
12
12
5
6
7
9
18
16
22
11
17
23
19
21
10
11
15
22
8
20
23
9
23
15
19
17
9
11
17
18
14
20
17
19
6
24
17
17
21
22
18
6
20
20
8
8
19
8
11
5
11
13
14
18
12
18
12
24
7
16
18
11
8
15
12
18
16
14
8
9
7
18
5
10
19
10
13
11
11
12
11
21
8
6
8
6
7
24
21
21
13
14
17
10
23
9
6
17
9
18
23
13
19
15
15
22
24
19
16
24
7
22
15
16
11
6
17
12
14
9
12
22
18
15
17
22
21
20
5
8
11
7
14
6
18
14
20
8
6
5
5
11
15
15
6
24
20
13
24
12
18
22
16
13
14
24
23
16
12
16
6
11
5
24
21
11
23
15
15
18
17
6
15
22
22
7
22
10
23
22
13
14
10
23
20
23
13
21
9
22
16
20
9
17
23
7
10
16
24
21
10
5
17
9
6
11
17
21
9
17
21
11
21
23
7
15
22
24
19
10
19
15
14
17
9
19
9
19
22
13
10
20
19
13
10
21
23
5
15
13
12
23
5
11
7
22
21
11
20
8
12
23
20
23
22
10
20
17
19
24
11
19
24
9
15
5
13
8
17
16
18
8
7
10
23
6
8
16
15
18
15
18
5
21
20
6
8
20
9
23
22
10
12
5
16
20
19
14
20
21
24
17
8
22
18
19
11
12
7
11
14
9
24
15
13
22
24
13
7
6
19
12
24
17
10
7
15
8
9
16
9
16
17
7
9
10
21
10
9
5
16
5
21
8
13
11
24
23
15
15
12
13
16
10
15
5
12
6
8
5
14
15
7
5
23
6
11
21
24
15
5
21
24
21
6
9
23
18
18
21
13
5
19
17
10
7
6
14
22
8
24
16
14
11
18
20
23
11
19
14
11
5
12
20
6
24
15
7
6
15
23
14
19
9
15
20
18
20
13
20
5
11
19
21
13
15
10
20
20
13
16
17
22
18
16
10
7
20
8
20
9
24
23
23
21
9
