720
10
24
17
23
16
8
16
10
5
20
17
16
20
11
15
11
5
7
15
5
24
15
17
24
5
12
16
24
18
24
18
7
24
22
12
16
19
6
24
17
23
10
13
6
12
16
16
9
24
15
13
15
21
20
20
15
14
8
18
24
19
20
23
22
13
9
22
21
11
7
18
8
20
10
17
13
6
19
14
14
5
18
16
21
9
17
21
5
12
21
5
16
16
8
9
22
6
18
15
11
16
9
13
14
21
9
9
22
11
10
24
17
18
21
20
9
16
10
18
22
21
19
22
19
21
18
19
5
20
20
19
22
7
18
21
20
22
14
20
21
14
8
8
22
16
20
5
16
23
15
23
11
23
9
22
23
15
16
9
13
18
24
6
22
10
13
19
12
22
18
8
13
7
16
14
22
6
6
7
6
16
12
15
19
22
11
7
18
8
16
12
10
14
22
16
23
7
13
14
9
10
21
24
16
6
20
6
24
9
20
13
18
21
21
6
18
24
11
14
16
10
5
11
18
17
20
9
20
5
12
6
23
10
10
23
20
15
7
5
12
5
17
17
13
21
10
9
8
19
14
19
23
16
11
7
15
23
13
8
22
16
8
8
22
13
5
23
6
11
9
6
19
5
5
18
15
24
19
11
14
7
22
10
9
18
21
11
8
11
23
7
9
8
7
19
11
8
19
18
22
16
5
10
23
14
14
15
24
18
24
16
15
22
23
15
12
12
5
19
17
22
14
24
17
9
8
16
13
23
19
21
11
12
5
8
6
16
21
13
24
24
18
9
15
6
16
5
5
6
6
24
23
19
19
17
21
16
18
22
17
17
22
5
19
6
16
5
20
14
5
5
6
16
23
9
19
7
22
10
11
5
24
21
9
23
14
24
11
23
15
9
13
7
20
16
24
10
22
16
7
13
15
5
11
24
16
13
5
11
13
16
13
19
15
19
15
14
14
22
5
24
22
22
11
17
16
15
23
20
15
9
5
5
14
6
23
23
21
20
7
7
7
21
22
6
23
9
14
24
16
23
24
10
23
5
18
14
7
10
7
16
7
9
5
9
12
16
18
5
19
23
17
10
15
23
15
17
16
8
21
20
19
23
19
13
22
8
11
23
8
24
14
7
14
15
24
22
13
11
16
22
24
17
17
10
7
15
16
12
10
22
24
22
11
18
12
6
23
13
5
23
12
23
22
16
8
8
5
16
18
23
12
10
6
18
21
20
15
6
8
12
17
6
11
16
18
20
21
11
22
8
20
19
6
10
12
22
5
15
20
22
18
11
19
10
11
15
17
20
20
6
5
15
13
5
19
20
5
12
7
6
15
20
16
15
11
16
16
19
9
20
17
17
10
21
17
24
13
15
19
9
18
12
17
18
6
10
7
23
15
12
13
21
18
17
6
15
10
23
17
23
24
16
9
24
18
7
13
18
14
6
13
16
20
12
9
22
8
6
23
16
17
10
13
6
11
20
9
18
16
9
17
12
6
10
10
20
13
11
13
19
24
17
22
8
18
9
5
18
11
23
19
12
18
16
17
8
14
20
9
21
8
7
6
11
24
19
14
17
16
7
11
23
17
24
6
10
17
21
16
22
24
16
12
7
16
20
14
11
11
14
14
7
7
9
13
9
20
14
9
19
