735
10
18
11
18
16
10
5
21
21
19
21
24
7
19
20
14
11
20
22
12
10
22
15
12
11
6
5
16
18
11
11
8
16
12
15
8
11
13
6
20
22
12
8
21
15
8
7
13
13
6
12
8
8
14
21
23
23
13
18
9
13
13
23
5
17
22
8
10
5
24
24
7
7
14
13
20
9
15
8
5
22
20
5
10
22
6
9
11
16
18
16
15
20
14
19
5
16
22
6
6
16
5
20
22
13
15
23
5
7
9
8
10
11
19
20
24
20
9
17
14
22
16
16
9
9
5
19
19
16
5
8
23
17
20
8
16
18
12
20
13
7
21
9
19
16
11
15
6
10
20
12
9
8
9
13
23
6
23
11
5
22
11
24
6
13
12
19
10
10
9
22
22
19
23
17
5
16
12
20
22
8
22
10
11
10
7
6
9
21
6
8
13
9
12
12
5
6
9
10
12
17
6
9
22
17
24
8
16
19
14
20
21
14
7
15
6
5
11
14
12
21
22
5
11
22
20
13
5
10
23
11
21
9
10
11
20
11
11
16
24
10
17
14
12
24
8
20
18
9
13
10
18
21
10
18
16
8
23
14
15
24
16
17
14
21
15
14
12
24
16
15
16
21
17
24
6
18
24
16
5
13
5
10
17
23
6
12
12
16
13
24
18
19
9
16
19
19
7
20
15
16
24
5
24
7
13
16
19
16
24
12
5
6
7
17
12
14
18
6
19
22
21
12
18
13
12
20
15
15
24
11
15
14
11
24
18
17
15
7
23
18
7
6
10
23
15
9
23
18
11
20
12
17
13
8
7
21
12
14
19
14
20
23
14
16
23
14
12
6
17
17
22
16
14
16
17
13
9
12
10
11
21
14
12
17
15
12
21
14
18
17
15
12
13
14
6
17
19
14
10
23
9
22
12
7
11
10
18
15
21
7
17
16
19
9
14
11
20
6
17
14
17
6
22
20
13
18
5
21
16
16
6
11
5
5
22
17
5
14
13
18
11
9
5
15
5
12
23
7
9
8
22
12
9
11
13
6
5
16
10
20
16
5
6
11
22
23
7
15
9
6
13
21
22
20
24
19
16
7
15
8
8
19
7
24
23
22
16
23
13
24
5
18
6
16
14
22
12
12
22
21
18
9
7
17
11
22
16
24
15
7
14
22
22
7
10
5
19
15
14
19
9
14
11
15
19
21
12
9
11
12
5
16
13
15
15
17
11
12
8
14
18
6
19
15
7
24
22
17
15
12
24
9
12
17
6
23
14
8
17
11
7
10
12
14
16
21
20
14
12
18
12
13
10
7
22
12
15
9
16
19
9
15
17
14
12
23
16
10
8
22
24
9
24
12
21
5
14
22
7
12
15
8
24
21
6
15
17
15
17
23
18
11
21
11
19
17
24
22
16
24
12
14
19
19
10
24
17
11
16
10
11
14
16
13
21
18
15
8
18
16
11
6
18
13
14
12
12
23
15
6
22
5
10
24
23
8
16
15
17
10
5
6
22
20
23
10
9
12
16
20
14
10
24
6
18
5
12
19
8
15
7
17
18
17
15
17
24
16
12
8
8
16
6
20
13
23
24
7
14
11
22
14
24
10
15
6
16
23
12
7
16
22
10
17
20
24
22
8
17
12
24
17
10
11
6
14
23
11
19
24
23
20
24
15
21
