725
10
17
10
19
24
8
18
8
17
8
20
12
11
15
9
5
8
13
9
14
24
6
24
23
20
23
14
22
13
19
19
11
13
14
22
20
9
11
7
10
6
18
8
5
21
17
21
6
21
11
12
23
23
12
20
23
18
6
11
14
7
15
7
17
24
16
9
10
8
8
24
7
18
22
10
23
11
16
14
7
19
9
9
20
16
14
11
5
14
24
18
21
18
5
14
21
18
22
17
10
11
21
18
7
10
16
23
20
9
14
20
24
9
9
12
7
13
10
24
21
10
14
7
20
23
21
24
16
5
21
12
14
20
16
7
7
24
11
6
19
22
5
23
10
11
8
24
5
15
7
23
14
24
23
7
15
10
23
5
6
15
16
10
7
16
15
8
22
14
16
17
23
7
12
15
24
10
21
6
14
6
20
8
24
11
17
22
10
11
20
17
14
19
17
24
21
6
5
9
20
20
11
20
13
16
22
24
22
13
21
21
18
14
8
18
24
24
13
7
16
5
22
8
16
10
22
21
12
8
10
15
14
24
11
8
10
21
14
22
13
20
16
21
21
14
8
15
17
18
6
19
15
21
19
14
16
19
15
18
12
20
7
16
15
24
9
20
8
18
9
5
24
11
14
24
11
11
5
6
20
13
10
5
10
11
6
23
15
14
22
7
24
7
6
14
8
8
12
13
24
10
12
9
8
11
18
15
11
13
16
7
15
9
18
18
20
15
15
15
21
7
12
7
14
9
5
19
12
22
10
15
18
18
20
6
12
15
16
13
11
16
8
18
21
15
22
9
15
21
10
22
17
22
8
14
24
18
19
21
16
20
21
13
14
14
23
12
9
15
22
20
17
19
8
7
20
6
9
7
9
24
23
24
7
12
20
17
16
9
12
18
19
21
13
19
19
22
23
15
14
7
6
16
23
16
14
10
12
6
8
7
19
21
7
5
15
20
21
8
8
7
12
24
13
17
7
18
15
10
15
19
15
16
13
10
7
17
6
7
9
15
22
18
9
20
16
6
22
19
19
14
13
24
23
9
7
21
11
10
5
9
8
17
13
17
10
9
22
23
14
14
8
18
12
19
23
13
20
21
12
20
13
24
16
8
17
19
12
12
16
10
16
8
16
7
23
14
6
22
8
21
12
12
21
14
10
7
9
11
22
23
12
6
16
17
23
23
19
9
21
14
20
11
18
23
8
18
13
16
5
16
5
9
22
19
22
23
12
6
11
19
10
8
10
8
23
14
19
12
16
14
21
7
20
20
5
14
9
22
24
22
14
8
9
9
6
8
22
22
21
7
5
22
16
9
23
23
7
6
11
24
20
24
12
8
23
6
14
16
10
12
8
20
10
18
8
6
23
7
10
10
17
10
23
13
17
16
10
17
20
18
17
23
23
22
15
16
23
16
21
18
23
22
7
23
21
17
14
24
21
13
24
23
6
20
8
7
23
18
7
5
22
21
20
5
17
12
21
19
9
11
10
24
16
22
24
5
14
18
14
18
8
16
12
21
22
5
18
22
12
24
15
20
20
20
12
21
18
21
7
6
20
6
17
18
13
10
12
24
18
24
10
10
5
9
8
9
18
12
7
23
23
20
21
24
23
22
12
24
11
19
12
12
5
22
14
15
23
8
9
24
8
15
20
6
22
