795
10
10
8
8
6
9
8
6
6
6
24
23
21
9
5
20
16
6
8
20
12
7
15
20
20
24
5
17
13
23
13
17
6
21
5
22
18
20
14
11
12
9
24
9
6
19
5
13
15
5
11
9
23
12
17
12
18
19
19
16
8
6
6
7
8
8
19
22
8
13
17
23
5
7
6
21
13
7
7
22
5
8
24
21
6
9
7
9
12
5
21
15
17
13
7
8
20
13
22
23
5
15
6
23
9
17
14
11
20
17
12
12
19
8
13
24
13
5
23
16
10
9
19
22
10
8
20
24
5
21
9
21
11
18
8
22
15
19
11
24
5
14
23
10
17
5
16
18
16
13
19
17
13
14
5
17
5
19
9
10
12
20
14
12
24
19
19
5
16
9
10
15
14
14
20
9
14
23
18
11
7
12
19
24
9
17
6
20
5
15
11
11
24
22
23
5
22
21
7
16
24
7
23
19
22
7
23
21
18
22
15
16
18
18
17
12
9
19
12
23
17
24
5
14
18
23
9
6
15
9
21
10
17
24
5
10
20
11
5
13
18
14
23
11
17
12
23
21
21
10
13
19
23
17
15
20
13
7
15
21
5
6
24
8
6
22
22
23
22
18
13
22
22
11
5
6
12
5
24
17
15
15
13
15
14
22
18
21
18
21
23
5
18
20
12
6
5
24
24
11
23
23
11
8
21
21
7
16
7
10
8
10
12
10
10
18
9
24
21
9
12
7
19
10
21
12
18
7
6
9
8
16
10
14
7
6
20
11
15
9
18
14
8
24
18
23
18
10
6
22
8
7
16
20
12
24
21
6
8
20
10
14
18
8
9
12
22
9
22
19
10
13
18
17
23
12
13
14
22
23
24
16
11
12
14
19
13
15
16
8
20
8
21
24
13
13
7
20
19
9
8
19
19
5
13
8
9
10
12
10
10
11
15
15
11
11
5
21
24
16
5
8
10
5
22
13
19
5
24
11
10
9
17
20
20
19
16
15
11
22
12
21
14
19
15
14
19
22
13
10
19
5
24
14
21
17
17
18
22
15
8
8
24
22
18
22
19
5
23
8
24
23
5
22
18
24
24
22
15
6
11
15
15
8
24
5
12
8
11
11
10
12
7
7
16
16
18
6
13
18
15
9
8
14
17
24
13
17
22
14
24
18
23
18
24
12
7
9
18
24
12
12
21
10
9
17
14
22
10
5
9
10
6
22
19
11
7
16
20
6
9
10
8
16
12
24
22
5
24
7
24
10
19
20
22
18
14
9
11
17
14
10
5
5
17
14
22
21
21
19
19
15
9
11
13
9
23
8
8
16
11
22
16
21
13
21
20
5
22
16
17
9
17
16
11
7
17
13
12
21
15
11
9
8
18
21
7
12
11
16
11
19
16
10
5
15
17
6
12
18
13
17
18
17
19
7
16
9
16
16
17
14
10
21
8
9
12
14
24
14
5
23
15
12
11
20
23
9
20
6
18
13
19
16
14
6
17
11
20
9
12
14
17
10
6
17
18
7
15
16
10
19
8
12
16
13
20
12
23
19
13
19
13
18
20
22
15
8
19
7
23
21
11
12
13
6
6
19
16
17
19
15
17
6
21
9
9
24
15
24
12
12
13
19
7
17
8
18
23
22
16
16
8
24
19
13
20
21
18
18
14
15
12
6
15
8
19
16
20
12
20
15
6
9
11
7
6
11
7
13
17
17
16
11
24
18
6
5
14
17
11
20
15
5
18
5
10
13
11
23
19
21
23
6
18
21
20
11
23
6
22
18
6
16
12
6
23
24
22
13
20
19
17
12
20
11
