750
10
9
24
17
12
10
7
21
23
14
12
20
23
13
13
6
11
10
12
16
24
22
11
15
8
11
20
8
19
7
7
9
6
15
10
17
19
19
20
6
15
12
13
16
15
21
10
23
5
21
12
6
18
17
24
10
14
22
10
9
12
5
14
16
5
11
5
13
8
13
5
23
8
13
14
8
9
20
8
5
5
23
5
8
19
24
23
19
11
9
14
13
10
5
17
5
8
8
8
20
7
18
7
8
18
24
5
8
12
18
21
23
23
24
9
20
6
16
13
12
23
18
7
15
9
22
12
5
18
24
16
10
9
6
6
16
24
15
12
24
13
19
23
6
19
6
18
9
20
12
17
16
9
7
17
22
18
9
14
20
5
12
18
22
6
11
9
8
24
16
14
13
10
20
6
21
13
11
23
15
23
20
12
13
11
13
24
16
9
17
12
9
7
23
19
14
16
11
17
19
16
11
16
13
15
24
7
16
9
13
8
21
23
12
14
19
23
24
12
20
8
18
10
12
21
20
14
21
13
9
6
18
14
22
20
5
11
23
22
13
23
17
18
21
23
5
7
7
23
15
18
9
13
24
19
18
11
6
10
15
9
9
23
16
12
11
12
13
18
18
15
22
18
6
11
18
7
6
10
5
9
11
24
9
24
8
16
11
9
22
22
16
15
12
13
18
19
16
10
18
13
24
9
19
20
7
21
12
24
19
12
20
22
24
8
19
20
21
5
18
15
12
23
12
11
5
8
23
19
15
8
18
11
9
21
9
19
23
22
19
9
9
12
9
6
22
21
23
5
23
9
16
13
16
10
15
10
12
7
8
20
12
9
6
16
5
23
23
8
23
24
15
22
23
19
15
21
5
11
13
12
7
9
16
7
13
20
13
19
21
11
21
6
9
21
23
17
21
14
10
16
23
6
16
16
13
17
22
11
16
14
21
16
19
5
14
5
24
7
22
23
21
16
5
17
24
9
15
6
16
19
17
17
22
17
18
10
7
21
20
24
17
11
23
13
9
8
8
18
9
21
22
9
11
13
8
13
10
11
19
13
10
5
9
16
18
23
13
5
10
16
14
11
9
12
22
20
13
15
23
24
12
9
9
17
15
19
7
21
15
17
16
13
19
18
10
17
13
6
17
8
5
10
7
22
15
23
20
17
17
13
14
5
9
7
19
16
6
13
10
23
15
22
16
23
24
8
23
8
24
8
22
12
16
23
16
7
18
15
24
22
11
7
22
19
11
8
12
17
23
21
20
21
13
14
13
21
20
19
13
9
15
15
21
20
15
14
16
20
21
20
7
22
23
5
10
12
7
10
12
5
10
24
17
21
18
13
10
22
23
12
7
15
21
14
12
8
11
15
17
7
9
6
7
18
19
23
24
21
9
23
12
23
7
21
10
21
10
19
14
15
18
11
9
8
12
21
16
9
19
24
19
17
14
10
17
24
5
24
20
6
5
17
6
19
23
6
19
10
9
24
15
15
12
23
16
10
22
5
17
22
15
19
11
22
20
6
17
11
12
5
23
11
22
10
19
18
9
24
7
24
11
9
23
19
13
18
8
19
7
24
20
7
24
16
24
22
14
24
15
20
8
17
12
20
6
13
19
20
9
14
15
15
15
9
24
18
5
5
24
13
21
24
11
21
5
5
7
17
21
11
7
18
6
9
16
5
23
23
7
7
20
18
6
15
6
16
17
20
13
19
