840
10
10
5
16
21
5
19
21
18
22
20
17
21
10
20
22
5
17
8
19
16
13
20
23
20
23
11
20
8
8
14
8
8
8
8
16
17
20
24
15
19
14
13
18
13
15
22
22
15
5
17
14
24
23
11
19
12
11
7
14
9
19
20
5
5
15
5
14
14
10
10
17
10
11
13
21
12
13
16
15
24
12
11
8
12
15
7
12
15
11
12
11
14
16
24
20
15
23
12
9
17
20
8
23
7
15
24
19
12
11
18
21
8
23
12
21
11
17
11
16
14
15
14
9
19
8
20
6
9
21
13
17
13
18
16
21
9
13
10
18
15
6
7
12
23
20
22
13
5
16
15
17
21
20
6
24
21
7
19
19
13
19
20
23
22
24
22
15
13
21
12
17
13
17
12
16
8
13
16
17
6
13
5
9
19
12
10
23
19
12
15
23
9
19
13
6
5
17
11
21
19
7
20
13
20
18
8
17
24
9
14
21
19
15
6
18
18
13
23
14
5
12
20
22
10
12
17
23
17
18
19
18
23
24
8
8
14
10
8
15
19
24
15
23
15
7
9
17
8
10
18
14
16
19
15
23
24
10
18
5
18
18
9
20
9
14
6
22
10
20
11
18
5
22
17
10
10
17
8
14
18
19
21
10
14
8
8
8
6
22
9
24
20
14
5
17
20
23
7
10
21
6
18
21
13
23
23
19
9
20
7
9
8
24
9
23
9
12
22
24
14
10
19
21
20
22
17
23
17
18
16
8
5
13
9
22
20
16
5
20
11
5
19
6
5
10
19
20
5
23
6
18
18
20
22
15
17
13
22
24
24
7
7
13
20
20
6
23
22
20
15
21
16
24
7
12
19
19
13
5
20
24
7
19
23
10
15
11
23
12
14
13
21
14
6
16
21
8
16
13
7
6
5
16
20
21
20
17
16
21
9
15
20
12
6
24
8
22
11
12
15
11
17
10
24
23
19
17
13
9
9
21
23
12
22
12
16
19
6
24
13
11
14
17
8
10
10
15
11
15
12
18
24
5
22
11
16
11
12
5
11
10
21
13
5
10
16
10
7
18
20
16
13
9
23
8
13
20
16
13
22
18
20
10
14
23
22
24
22
5
16
16
15
21
13
10
22
10
14
16
13
20
10
6
6
15
14
11
5
8
15
14
14
5
9
11
13
9
12
13
10
12
6
20
9
7
13
12
18
13
17
6
7
19
21
15
6
22
13
10
18
14
24
22
23
14
5
14
22
11
17
22
19
10
24
23
10
15
16
6
13
24
19
11
24
7
13
9
6
24
18
22
16
19
14
24
24
23
18
18
24
20
21
6
7
6
9
5
17
7
7
18
18
18
5
11
20
6
17
21
6
23
24
22
17
15
10
10
19
22
6
16
19
20
10
23
12
17
8
17
18
15
13
23
11
7
11
15
19
14
10
7
22
22
23
11
7
18
19
23
10
10
12
22
12
8
11
15
15
5
11
15
5
5
11
8
10
23
17
22
14
11
19
7
9
5
6
16
5
7
22
14
14
7
19
23
18
12
14
24
24
24
21
12
23
19
24
23
15
22
7
20
24
19
21
13
20
24
15
13
24
15
19
5
7
18
9
12
9
8
23
8
22
16
14
15
15
21
8
18
20
12
17
14
9
15
11
8
11
19
17
23
22
13
21
6
16
21
5
23
5
15
7
16
19
7
14
13
21
5
13
15
11
6
12
23
5
10
10
22
10
23
24
6
5
18
20
14
22
10
11
12
19
22
6
20
17
16
21
17
14
13
21
24
22
7
14
12
13
6
9
6
12
6
8
20
20
6
18
17
13
7
22
10
10
13
7
12
5
24
23
19
13
9
24
14
7
15
20
12
16
12
13
11
22
14
17
15
12
17
24
19
5
10
24
17
22
23
7
24
18
