800
10
20
7
9
7
14
8
9
10
22
12
11
8
15
20
5
22
21
7
15
17
14
12
7
8
8
18
5
15
16
20
22
5
21
11
11
16
12
23
5
22
20
10
21
24
10
20
6
9
11
16
18
16
17
24
22
24
24
24
22
6
19
14
18
18
12
22
15
19
17
21
13
23
24
18
21
6
18
24
12
16
16
17
9
23
6
13
16
8
13
24
19
9
21
13
12
8
12
10
13
10
15
17
5
14
11
6
20
19
14
16
11
9
24
6
10
9
13
10
19
23
14
8
8
21
13
6
5
22
5
17
15
16
20
20
9
11
19
24
6
22
8
7
11
9
11
11
11
22
5
19
5
23
20
14
10
20
16
12
9
17
16
17
12
18
24
21
17
14
10
6
9
7
5
22
20
24
14
8
12
7
23
10
8
14
13
13
5
12
6
8
8
17
11
20
9
22
5
21
9
11
7
23
7
19
16
24
22
22
11
5
15
23
7
12
9
21
18
16
20
17
18
13
21
5
12
8
16
11
9
11
16
9
22
18
16
13
7
9
9
7
16
22
15
14
16
19
16
16
24
21
19
9
9
12
18
19
22
23
13
5
16
8
20
21
7
21
11
9
22
18
8
22
24
23
21
8
15
23
17
19
14
11
23
22
6
13
22
17
5
20
15
24
12
12
15
23
19
7
16
16
11
15
13
20
7
24
19
14
24
19
24
21
12
6
11
19
22
22
20
8
13
14
10
21
11
18
7
23
16
20
8
16
8
7
6
5
21
14
17
7
6
8
5
11
14
5
23
12
17
10
18
15
18
23
19
11
5
14
18
13
12
12
6
19
13
23
9
8
19
19
22
23
22
9
16
9
24
10
8
22
11
7
22
20
17
10
21
23
8
17
21
20
18
10
11
9
12
22
20
7
23
20
10
19
24
11
8
23
7
8
21
8
7
18
17
9
5
6
20
7
6
15
8
17
14
8
14
24
7
13
12
12
11
9
18
9
7
17
11
24
10
11
19
10
6
6
19
23
5
5
17
21
15
23
7
8
8
5
23
22
18
11
17
20
6
23
13
11
8
16
23
5
24
19
9
13
19
7
20
10
15
22
20
8
24
9
6
13
5
9
15
22
19
9
19
14
16
20
15
17
15
19
22
6
11
12
7
12
15
22
16
18
22
21
11
17
9
23
13
11
23
24
21
17
8
7
18
24
17
9
5
5
23
11
6
15
6
14
10
23
22
19
23
22
15
6
12
23
10
10
15
19
12
10
18
10
21
16
10
24
13
19
15
21
5
8
12
24
14
5
10
22
11
17
21
19
24
13
23
14
14
17
22
13
7
19
9
17
7
8
7
7
13
12
11
13
20
17
24
12
9
21
5
6
8
13
18
21
15
6
23
6
18
5
13
13
12
23
18
10
10
16
16
9
20
6
8
15
9
6
22
24
9
6
5
6
14
14
13
8
14
21
16
20
13
13
19
11
23
11
18
9
18
16
7
6
9
23
7
9
16
24
10
16
20
8
10
18
16
9
20
19
7
10
19
19
21
22
9
18
20
5
12
15
22
11
6
5
18
9
6
14
5
23
16
24
16
24
15
14
8
21
9
8
13
13
15
11
7
7
16
23
19
10
9
15
19
5
23
7
14
14
20
10
11
22
11
12
8
24
8
7
14
11
9
5
12
22
17
8
10
6
6
18
13
14
8
10
8
8
20
20
18
24
22
18
7
18
13
11
16
21
18
16
16
23
20
7
13
21
16
23
8
15
12
7
21
17
17
7
23
5
18
16
20
6
19
5
16
14
16
22
5
19
12
14
24
24
19
17
