885
10
14
21
17
14
19
20
18
13
7
10
22
11
6
22
16
23
12
22
7
8
13
20
5
14
19
17
15
15
11
11
19
11
14
10
19
10
22
11
19
7
14
23
23
6
6
16
18
16
24
11
19
19
5
19
7
13
9
7
12
18
11
9
14
6
19
19
7
17
21
10
24
17
19
22
22
10
23
11
11
22
12
6
12
16
20
17
24
19
19
12
15
23
14
11
12
24
15
21
21
12
8
23
21
12
15
11
21
7
14
21
20
9
20
23
20
18
24
14
23
15
13
24
18
12
8
21
18
9
19
15
24
23
15
9
23
6
21
21
6
24
21
21
19
13
11
11
20
23
11
6
21
13
5
9
15
19
22
8
15
17
6
10
22
6
15
24
14
21
18
24
14
22
14
19
12
7
22
10
8
17
12
17
13
14
21
17
24
18
19
22
8
5
18
17
18
24
10
24
20
8
6
14
5
9
7
6
18
18
13
15
16
17
20
19
19
9
13
20
6
11
7
24
16
8
8
21
23
10
6
13
15
12
17
12
19
17
6
12
13
6
11
19
20
6
5
24
12
10
15
19
9
10
18
23
20
11
8
5
10
8
22
7
23
12
6
12
24
14
14
8
14
23
21
21
12
10
24
12
11
10
9
21
13
21
12
17
23
20
13
10
20
18
14
22
15
24
9
14
24
19
16
10
8
10
7
6
16
19
10
15
9
15
15
15
9
6
13
15
9
5
12
12
11
16
22
14
7
8
20
5
11
17
14
18
12
14
24
21
15
14
14
21
21
11
18
21
19
10
18
18
23
13
20
10
20
21
11
23
24
21
17
22
9
24
10
20
24
24
17
14
23
15
24
14
11
18
22
22
6
13
5
12
16
21
11
8
23
10
11
21
5
22
9
8
9
20
10
24
19
22
17
19
6
21
24
22
8
10
23
10
9
7
20
7
20
12
7
23
20
15
8
24
14
19
11
24
17
9
20
6
11
14
13
18
14
18
18
21
7
17
16
6
22
23
22
17
8
6
8
15
22
16
5
24
24
16
24
17
7
22
7
22
8
23
9
23
5
24
11
15
5
10
14
18
19
6
7
20
12
11
19
11
7
13
6
22
11
22
24
12
8
24
16
12
10
18
21
23
8
24
21
12
9
10
16
5
13
24
7
7
18
16
8
7
10
13
19
12
17
16
14
13
5
15
9
16
18
13
12
5
11
5
6
21
19
19
24
16
16
21
11
9
24
12
23
21
18
21
21
19
21
15
11
19
20
23
11
6
12
7
15
18
22
9
5
16
24
7
16
22
9
13
13
24
18
11
7
18
21
17
22
19
12
5
15
14
6
15
11
22
18
9
5
6
13
14
22
6
19
17
16
8
21
7
15
19
23
13
20
16
13
21
20
13
12
24
13
15
15
16
12
21
15
24
7
24
24
9
17
16
9
18
13
21
19
8
16
13
7
7
20
15
15
16
6
11
24
15
10
21
14
22
6
21
8
21
21
8
10
10
19
16
21
21
15
22
6
24
20
12
11
8
9
15
19
23
24
7
5
23
22
14
13
21
17
15
19
23
22
15
21
12
18
7
11
10
9
14
10
15
19
23
22
20
12
14
21
6
6
11
10
19
16
7
7
9
21
19
8
11
20
9
19
9
8
22
16
21
9
14
22
16
6
22
21
24
20
7
9
9
12
8
8
23
17
18
23
13
7
6
5
16
24
17
6
7
20
15
24
15
16
5
8
8
23
24
23
23
10
24
11
20
22
23
10
7
21
19
7
18
17
6
5
18
13
7
20
19
14
24
5
11
5
8
10
23
8
15
20
21
6
13
7
14
21
22
20
19
15
17
9
24
9
5
17
17
17
17
18
13
6
23
13
17
6
18
14
17
24
10
21
6
11
11
20
12
24
7
7
12
12
9
18
19
22
13
7
5
20
8
8
16
8
14
8
18
8
8
6
18
15
17
17
11
22
5
20
14
23
5
10
17
16
22
18
14
16
23
7
11
20
23
6
13
21
