860
10
20
19
9
22
16
9
19
24
9
23
12
16
6
14
20
20
8
12
24
7
18
7
12
24
15
5
17
18
19
16
7
23
5
6
19
11
12
6
9
10
24
15
6
19
12
6
14
16
7
24
15
17
16
11
12
12
11
5
18
19
21
7
22
21
15
16
5
24
12
6
12
17
13
18
7
7
19
19
6
13
16
21
20
22
11
8
24
10
22
20
9
15
21
13
9
23
22
20
22
9
19
17
18
16
16
9
5
19
18
15
21
16
17
14
10
24
23
6
20
7
22
8
14
13
8
5
21
20
13
11
10
11
18
15
5
16
5
7
15
21
6
20
14
8
5
12
13
9
5
9
11
19
13
14
13
19
18
20
13
9
18
13
13
8
12
13
17
12
20
21
5
12
10
13
11
22
19
11
21
24
21
22
14
17
21
18
23
8
14
5
22
9
7
6
23
21
21
6
20
9
5
24
15
8
15
19
21
6
9
23
6
20
21
12
17
17
24
11
11
20
20
24
12
17
10
18
17
14
18
18
11
6
12
6
9
5
23
12
23
15
17
19
5
11
11
20
19
12
15
19
13
11
12
13
22
8
21
24
17
11
23
14
13
24
20
23
20
11
13
22
23
13
20
5
16
8
11
20
9
14
6
20
21
17
23
20
17
19
5
21
9
13
14
8
16
22
23
9
18
18
10
8
14
13
22
23
9
11
24
14
6
6
5
19
7
6
9
22
5
21
10
9
20
14
21
7
5
21
7
18
21
5
16
19
19
7
11
6
19
15
14
22
24
12
24
23
19
18
20
7
9
7
12
20
6
15
20
16
20
16
14
7
12
22
19
22
19
22
23
17
6
6
14
18
16
21
19
18
10
5
19
21
14
17
15
14
15
17
14
21
8
20
22
16
11
12
22
9
22
23
6
18
14
7
7
16
13
5
13
10
10
23
15
10
23
14
15
22
19
10
23
16
14
13
20
12
6
19
17
8
24
17
16
19
8
22
13
23
21
23
8
24
13
8
6
9
10
18
8
21
23
12
20
16
17
6
20
13
18
24
21
8
12
21
5
17
10
19
17
23
5
8
19
8
22
24
12
18
5
22
21
11
9
17
20
22
7
7
6
21
13
13
21
24
22
22
20
8
6
14
7
5
13
19
9
17
5
7
19
6
24
22
24
19
19
15
12
20
22
9
10
21
17
7
9
20
16
9
15
19
23
15
17
16
24
17
7
9
11
9
10
7
24
21
7
7
8
8
18
13
18
12
12
13
17
10
22
24
24
5
12
15
9
14
21
24
11
10
9
18
22
18
18
12
9
23
24
13
8
10
17
17
12
7
15
20
5
6
16
5
15
19
12
24
20
11
7
21
5
16
20
13
20
14
17
14
11
21
9
18
11
19
7
13
16
19
17
24
13
19
17
14
16
10
15
22
5
18
18
20
23
18
10
17
12
14
11
15
9
23
15
14
22
9
16
20
14
15
24
23
9
6
8
12
20
7
22
5
18
16
14
24
13
6
24
8
5
12
23
6
12
20
14
16
7
15
12
18
17
19
14
10
10
13
22
13
15
14
23
24
9
23
20
18
23
12
9
8
10
21
13
11
7
17
10
22
8
16
12
7
21
21
21
12
11
17
13
23
12
18
22
5
9
8
11
24
24
5
7
10
24
6
17
22
7
9
7
10
12
22
24
8
8
18
10
15
15
7
8
9
16
23
5
18
17
19
20
8
12
17
17
6
8
21
21
12
8
13
17
5
23
8
14
24
20
17
9
13
8
5
20
8
23
10
23
7
20
12
10
5
9
23
14
12
19
7
22
12
18
16
11
6
9
22
9
15
10
7
22
7
22
8
12
7
24
7
12
22
19
24
9
8
13
11
24
7
15
17
22
15
20
23
23
15
7
19
22
6
5
19
21
17
15
21
9
22
8
9
7
17
23
21
10
7
21
18
13
8
10
17
