855
10
5
16
24
11
7
20
10
16
16
5
10
24
19
20
23
10
15
19
7
12
24
15
7
13
7
11
15
22
24
16
9
20
20
24
10
18
21
15
8
13
8
19
24
8
6
8
23
13
16
11
9
18
10
13
22
14
12
11
20
24
23
13
15
15
10
20
15
7
16
10
5
16
14
10
9
16
10
20
16
20
12
18
11
20
6
20
10
8
15
10
15
8
13
21
7
14
19
10
12
19
6
23
21
20
24
23
15
21
7
13
20
9
20
7
22
20
24
9
19
5
13
14
12
18
18
12
17
6
20
5
22
7
5
21
24
23
6
14
24
9
10
18
17
21
15
12
6
16
20
8
6
5
9
17
11
10
6
17
9
23
17
8
24
14
15
13
11
6
9
15
21
18
9
7
10
15
14
12
6
6
22
15
21
17
16
12
23
8
21
20
8
20
13
17
20
8
22
13
21
8
13
9
14
15
21
13
20
16
16
18
11
5
14
21
7
13
13
12
5
17
24
10
9
6
12
14
8
17
12
24
10
23
13
10
10
16
18
15
14
24
15
23
6
13
20
7
13
5
13
11
13
19
13
18
17
12
11
12
6
9
23
19
11
24
22
9
6
5
20
6
12
6
7
15
8
7
12
19
9
24
8
6
15
12
9
24
7
8
14
15
18
5
14
17
7
6
23
13
10
6
24
9
10
11
13
10
16
13
15
8
18
23
8
5
18
23
24
5
7
7
16
15
10
19
24
19
18
23
9
20
10
20
8
5
13
19
8
9
20
17
23
19
12
17
12
24
15
8
19
12
5
24
10
16
24
21
11
20
13
8
19
8
10
6
17
5
24
13
17
17
14
18
13
15
20
7
10
14
10
11
12
10
21
17
7
22
5
6
18
8
14
24
14
18
21
19
12
21
19
6
12
9
8
20
9
5
5
9
18
13
23
9
12
6
24
11
16
17
17
10
12
12
7
21
13
22
13
13
23
22
18
10
12
8
10
19
12
8
11
10
13
16
22
16
12
20
17
17
8
21
12
9
19
23
12
20
9
8
8
12
15
19
10
24
5
22
22
23
16
24
10
11
15
10
10
22
10
21
5
16
16
13
21
12
14
6
11
16
5
20
18
14
21
21
22
13
9
10
6
13
14
6
15
20
19
21
16
6
12
24
18
12
23
19
10
17
9
16
18
10
14
18
13
16
15
23
6
9
21
18
19
11
11
9
13
17
22
15
12
24
24
18
14
13
22
5
17
10
20
21
16
10
19
10
15
11
15
17
11
11
23
20
21
11
13
6
12
9
11
13
14
20
16
22
12
6
9
8
22
10
11
6
22
23
17
11
13
18
15
8
20
16
19
9
12
16
5
8
17
8
19
19
18
14
18
13
17
20
19
21
15
17
6
6
6
14
8
15
15
20
21
15
9
15
8
13
24
18
16
19
23
24
21
5
11
7
12
6
16
10
8
18
6
19
21
14
6
11
11
8
17
8
20
19
22
22
15
24
24
17
12
8
18
19
10
15
10
13
24
13
21
5
21
24
16
20
20
9
22
13
6
8
6
19
11
15
16
19
15
14
5
22
23
7
18
9
21
13
23
14
8
11
12
21
14
19
13
12
11
19
16
5
10
13
12
22
16
23
6
18
21
19
23
19
7
14
24
8
19
15
9
17
11
15
18
21
18
19
21
20
22
21
14
7
7
12
21
14
18
24
20
16
13
23
17
6
10
23
11
6
7
16
18
10
17
17
14
6
14
23
20
19
17
7
15
14
16
13
17
5
8
9
11
13
6
22
21
14
15
14
11
23
18
10
8
18
5
22
12
12
9
17
17
9
24
23
11
11
14
12
14
5
12
23
6
5
16
23
17
23
21
18
5
9
8
7
16
19
17
18
12
22
15
7
13
18
23
19
11
14
20
17
10
21
17
5
13
7
12
24
22
21
10
11
11
