845
10
19
12
23
22
7
6
23
18
13
24
13
17
18
19
17
23
10
23
6
18
11
23
8
18
20
24
20
16
12
21
23
16
5
11
24
20
8
9
10
22
7
8
18
18
23
5
15
13
23
13
16
6
9
22
7
18
12
23
12
16
16
18
5
19
7
18
13
20
24
16
10
12
22
15
16
6
14
23
9
19
22
13
24
11
12
9
22
7
15
20
8
20
20
18
11
12
20
7
18
14
18
22
14
13
21
10
15
12
5
17
22
8
7
8
19
11
22
10
10
13
12
10
19
10
10
11
11
6
5
22
6
9
10
6
7
12
13
21
23
22
7
19
10
16
13
8
11
18
9
16
22
14
8
10
5
12
13
23
21
9
18
24
11
23
21
6
19
9
18
11
20
22
12
6
6
7
5
17
5
22
20
22
11
12
14
12
17
11
9
8
8
10
14
12
7
5
9
21
21
12
23
9
21
17
24
20
17
22
11
18
13
17
15
14
16
18
19
19
21
11
6
16
12
12
10
15
12
6
8
23
14
18
9
18
24
23
23
6
7
12
6
20
22
9
18
19
22
13
11
15
19
8
20
6
18
23
9
21
16
13
12
20
9
10
20
15
23
20
17
24
13
9
15
14
10
11
13
21
24
7
18
5
17
10
20
6
13
15
21
9
20
5
15
8
15
8
23
11
15
7
19
14
6
13
21
13
12
22
17
16
10
22
11
13
9
12
21
23
21
5
8
23
8
23
24
10
7
9
11
23
12
5
20
9
7
21
6
16
15
9
24
12
8
13
15
6
8
23
6
11
23
24
18
12
24
15
11
20
5
12
16
22
18
18
23
11
7
16
20
20
21
19
24
13
20
13
9
8
14
15
21
13
18
20
17
16
20
5
13
21
6
5
17
17
17
22
22
9
7
19
23
20
12
9
16
23
19
5
18
17
11
19
9
13
15
21
14
22
20
8
8
21
21
17
7
24
13
16
9
24
22
24
12
5
17
11
8
18
19
5
22
18
11
17
23
23
13
8
20
19
11
17
10
24
11
14
18
21
18
18
14
14
20
9
7
11
8
24
12
14
7
17
16
21
6
15
13
7
5
24
17
22
11
24
14
10
7
18
5
19
20
18
18
5
6
17
12
13
5
14
17
7
24
10
9
10
15
6
17
5
14
14
10
16
6
17
8
8
9
13
13
8
14
5
14
19
7
17
6
23
12
7
5
5
17
11
21
8
8
6
13
13
12
16
23
24
18
12
16
8
6
17
13
8
10
18
17
18
7
20
18
14
13
8
18
24
19
24
12
12
11
14
19
23
12
8
19
11
13
20
6
7
5
12
10
5
18
11
15
16
15
6
23
14
8
13
11
8
24
14
17
6
18
16
18
15
9
9
15
20
24
6
11
5
23
13
24
16
20
14
20
19
7
11
19
22
13
9
8
21
23
7
24
20
23
18
10
9
7
20
18
24
20
22
13
6
11
17
15
15
10
12
8
9
5
16
11
15
15
22
13
12
14
13
19
9
19
9
8
9
7
12
9
6
23
16
6
6
13
18
6
14
9
21
8
12
24
12
22
20
8
10
22
19
5
12
24
11
14
8
18
15
5
5
8
11
22
11
21
10
14
14
6
24
17
12
22
15
17
11
14
14
22
5
20
15
12
14
23
22
8
9
10
11
24
7
15
15
12
13
22
24
17
24
6
22
10
22
20
9
10
9
12
12
19
5
22
5
12
5
22
7
13
18
15
9
20
22
5
5
23
8
17
13
11
5
24
7
12
19
5
24
19
15
7
23
13
17
11
11
13
20
23
22
17
16
13
10
17
7
10
9
14
8
7
18
15
24
5
16
7
7
21
11
22
12
8
6
13
8
5
14
17
24
22
14
24
19
12
16
12
21
20
24
16
15
18
9
18
21
16
20
22
6
12
