805
10
9
10
14
18
14
23
20
7
8
20
15
17
20
20
24
5
8
19
20
14
15
18
20
22
15
23
23
23
6
24
24
16
14
7
18
7
8
7
10
23
20
19
8
15
20
12
5
21
22
14
21
5
12
23
10
22
11
24
19
15
24
17
19
12
12
8
17
24
18
16
8
11
15
15
11
17
21
13
24
10
21
15
22
17
12
20
6
7
9
9
11
13
17
7
18
15
24
18
21
13
8
9
22
15
12
5
21
16
19
9
8
8
23
7
7
23
21
16
24
7
7
9
20
10
22
21
16
5
17
5
8
21
18
16
21
24
16
20
6
16
11
14
9
15
17
21
24
7
21
18
21
6
6
20
18
18
13
15
21
10
8
8
16
5
17
11
9
13
18
17
18
9
19
14
16
8
6
6
13
13
19
8
20
14
13
8
17
17
8
6
18
11
17
11
6
13
11
16
9
22
16
24
17
19
13
23
16
22
11
13
22
20
15
5
22
17
9
18
16
18
22
16
22
19
19
11
22
9
14
14
9
16
16
12
6
17
20
15
17
17
20
11
6
13
14
8
21
7
6
20
5
15
19
10
22
7
19
16
12
13
13
21
22
22
10
17
11
24
20
17
16
17
24
11
11
8
18
15
12
10
15
22
7
18
7
12
21
13
5
17
24
16
12
24
15
16
15
24
6
16
21
16
20
19
12
18
15
13
17
13
17
16
5
11
21
20
14
6
24
15
12
19
22
11
7
9
8
22
19
16
17
5
7
6
10
6
19
16
23
19
21
18
8
16
24
24
24
24
8
24
18
9
13
9
6
22
22
15
18
21
6
18
14
18
19
6
13
15
23
12
11
12
24
22
5
14
7
24
17
20
6
19
7
9
7
20
23
13
22
18
24
16
19
18
22
5
11
20
22
20
18
14
19
18
9
17
21
23
7
20
14
18
10
21
24
9
24
23
19
19
17
22
19
11
10
19
21
16
17
19
19
11
8
24
15
18
16
23
16
6
8
19
12
7
14
7
8
16
6
23
24
14
21
19
22
23
17
10
20
8
24
13
15
20
18
11
23
11
22
24
12
15
21
6
11
6
17
10
23
10
9
8
23
8
21
13
5
18
6
18
8
24
24
21
15
9
24
5
7
15
5
8
24
18
15
5
23
5
8
24
18
24
6
21
5
10
17
20
17
19
14
23
20
22
10
11
10
8
14
6
19
20
11
15
5
24
5
7
16
10
21
10
8
21
13
18
20
19
13
8
14
15
24
23
11
12
12
19
9
16
15
17
14
23
23
17
5
20
13
8
13
14
13
21
10
21
18
12
13
5
18
9
10
16
5
15
13
11
20
17
14
13
8
15
22
20
17
18
20
10
17
21
16
5
9
11
15
13
20
19
12
14
22
15
15
5
17
14
5
10
16
13
16
8
13
19
13
6
13
6
8
7
21
18
15
7
24
10
12
15
8
10
5
15
7
6
17
14
11
17
17
15
6
19
16
20
13
22
13
15
7
9
20
10
10
18
8
23
14
8
16
21
21
17
24
23
8
18
19
23
17
15
11
12
9
7
13
5
5
11
8
17
8
23
13
7
20
21
21
6
19
19
23
15
5
5
20
20
9
24
21
21
16
14
12
14
5
13
20
15
24
23
19
13
10
24
21
14
19
24
19
20
15
21
22
23
13
22
7
16
22
6
20
19
15
14
17
5
19
17
8
15
7
10
6
11
15
5
12
12
14
7
11
21
11
8
12
11
16
19
19
16
11
13
23
17
8
8
24
21
13
11
17
24
10
15
9
22
18
24
9
16
22
21
19
9
5
15
18
14
20
17
18
16
9
