870
10
21
5
9
9
6
17
21
18
23
16
9
21
14
19
18
20
5
12
8
15
16
19
5
21
6
9
10
21
21
24
7
14
9
13
16
24
7
15
12
23
11
13
6
10
21
20
16
19
24
23
16
14
17
16
19
19
6
12
24
12
20
22
18
24
12
20
14
23
14
7
23
24
8
10
20
22
17
24
8
22
21
19
17
24
18
24
11
16
13
21
13
13
11
16
19
22
12
23
23
5
17
5
21
10
14
20
21
12
11
10
12
23
8
21
7
18
12
13
21
15
23
12
5
10
9
8
7
23
23
5
23
16
24
21
11
15
9
14
19
8
6
20
16
24
9
8
15
11
22
9
17
24
8
10
10
15
22
24
5
22
15
6
23
17
12
11
9
9
21
13
10
20
19
8
6
23
24
9
12
20
21
13
18
11
16
6
18
17
15
14
19
17
18
7
6
20
13
11
15
19
18
20
20
14
9
16
12
23
9
11
22
9
12
22
17
13
16
21
8
24
20
24
7
19
22
8
20
16
6
24
21
13
13
15
11
19
9
6
15
8
12
19
14
10
5
6
18
17
6
14
9
16
20
23
18
21
13
15
10
10
16
24
10
23
12
7
22
14
14
23
23
19
17
20
6
22
24
14
21
18
7
17
15
24
8
20
8
13
5
23
19
9
6
6
15
9
24
15
5
8
9
19
12
10
24
14
20
6
14
10
5
10
19
19
24
9
11
17
20
21
9
21
11
22
5
17
16
24
5
11
21
9
6
10
5
15
10
10
16
17
18
18
23
12
23
15
7
6
10
7
20
19
20
15
22
17
16
6
8
6
20
16
13
20
16
24
19
5
9
19
16
24
17
21
23
5
9
6
21
12
24
9
10
13
16
9
17
5
12
21
9
9
19
10
5
14
15
21
10
8
18
18
14
7
23
13
13
19
14
15
5
7
14
9
15
6
20
13
7
16
12
19
5
12
8
20
9
11
24
9
22
8
17
10
9
13
11
13
5
19
7
14
23
23
7
10
6
19
8
18
9
7
17
18
13
19
13
22
22
18
19
19
19
17
11
19
22
12
18
16
14
10
14
16
15
23
24
11
5
14
19
9
13
9
6
7
13
11
11
16
7
24
7
13
16
12
14
10
7
5
11
11
9
19
13
13
22
16
12
22
10
13
19
24
21
8
20
5
8
18
15
11
16
21
16
21
10
23
11
14
6
7
10
11
6
18
18
11
15
5
8
9
22
10
19
15
16
21
14
14
24
14
7
7
18
8
20
9
5
16
23
16
7
8
9
22
17
7
15
20
10
15
24
14
17
15
11
12
19
11
17
21
23
21
5
19
12
6
20
23
9
14
24
19
20
24
5
13
6
11
18
16
8
18
7
7
18
11
7
18
20
15
9
21
22
13
16
11
6
10
19
24
5
9
8
23
19
5
16
12
16
16
13
18
7
13
9
21
23
10
7
22
9
5
5
12
8
13
19
11
24
10
14
16
23
21
17
5
23
5
10
15
24
24
11
22
14
21
15
16
14
20
23
6
9
8
5
20
15
18
12
16
19
15
24
11
5
7
9
20
13
13
23
6
14
5
15
13
14
22
13
12
12
18
19
18
9
9
6
14
17
6
21
22
18
24
18
21
19
17
14
21
7
8
9
17
21
9
7
14
5
19
6
9
24
19
19
17
16
16
16
7
7
10
16
16
13
11
15
6
19
21
22
19
19
7
23
15
23
16
10
21
21
18
10
6
20
22
15
11
22
20
10
9
13
19
16
6
17
5
17
5
11
10
7
23
21
22
23
14
14
20
23
7
9
16
23
9
22
13
11
17
11
10
9
17
19
12
21
12
17
22
16
20
5
20
15
15
19
24
9
24
23
22
12
12
10
24
10
5
7
11
19
22
16
10
16
15
16
21
18
8
21
13
21
14
18
23
17
18
15
10
10
15
22
11
12
22
6
16
21
17
15
5
16
14
16
7
12
10
