895
10
15
15
9
6
15
22
16
17
24
6
5
9
19
6
6
19
14
6
21
24
8
10
20
11
14
15
21
9
15
17
22
14
14
11
17
7
5
11
16
21
16
13
8
22
9
15
11
17
16
15
24
17
24
21
6
9
13
17
22
14
20
13
8
14
24
12
17
13
7
13
22
19
14
11
20
12
18
14
19
24
8
8
9
20
20
24
18
15
18
23
22
22
14
17
8
22
19
17
21
18
22
21
20
5
21
14
13
7
18
16
24
22
10
24
17
9
17
14
23
19
19
9
18
9
22
17
14
13
14
16
9
8
17
18
17
9
13
8
12
12
7
17
8
13
11
15
24
24
18
15
8
18
15
7
13
12
11
11
10
24
9
8
14
6
10
13
16
16
22
20
8
14
7
12
5
17
21
24
8
22
24
13
11
12
7
14
12
10
15
20
24
12
16
21
20
5
6
22
23
13
24
17
6
5
6
21
21
20
14
17
24
6
19
17
6
9
9
8
5
15
24
11
23
19
7
15
10
15
16
20
16
23
8
21
13
13
22
17
21
12
17
5
21
5
14
10
10
20
11
10
11
8
6
5
17
9
11
13
16
10
6
23
12
21
12
7
9
23
16
12
21
10
10
8
17
9
22
5
8
6
23
24
15
23
19
9
21
20
18
9
11
6
9
20
11
8
22
23
15
14
15
5
17
10
9
10
7
8
23
9
22
7
15
15
24
22
16
13
10
10
10
18
14
13
24
15
13
24
21
21
15
10
13
17
5
20
15
19
12
5
24
16
13
23
18
5
7
13
16
13
5
24
14
12
5
21
13
19
22
17
17
24
15
23
23
15
21
19
18
19
19
9
22
10
13
17
24
23
18
10
9
22
23
6
10
7
17
5
13
13
14
10
22
22
17
6
13
11
9
8
8
6
21
10
12
8
9
15
6
14
24
11
12
11
14
19
18
7
14
21
11
20
21
8
13
10
21
22
6
7
8
7
20
24
17
6
12
21
7
11
22
16
10
12
5
5
15
17
23
16
22
10
8
17
7
23
8
16
22
20
7
24
24
12
22
9
19
9
7
22
6
6
14
23
19
11
19
24
10
10
23
19
19
23
24
7
7
7
17
20
16
10
7
5
19
7
14
5
20
5
24
23
9
7
9
13
8
14
11
11
23
7
24
6
13
16
6
19
23
19
7
18
8
18
12
15
19
19
12
16
16
12
17
7
18
20
15
24
16
20
24
14
13
8
13
14
7
22
19
8
13
21
6
22
13
7
15
17
22
17
12
15
13
9
23
23
19
11
8
18
19
13
15
23
18
24
22
7
13
15
23
11
6
11
6
8
16
18
23
9
13
5
11
20
9
17
14
22
21
13
20
9
6
18
16
11
9
9
11
9
16
5
17
15
14
18
8
8
12
6
6
19
12
23
24
8
16
10
17
24
12
14
23
12
16
6
7
20
5
13
12
21
15
16
22
5
22
5
22
7
17
7
17
20
11
22
23
11
20
22
13
19
24
13
6
14
5
13
23
22
12
17
14
5
19
14
18
9
8
18
18
7
24
13
7
15
10
24
20
22
24
21
17
24
13
19
8
9
6
15
21
16
12
24
19
6
22
5
20
14
17
11
11
5
8
13
13
21
13
19
23
23
17
9
6
22
11
5
9
12
23
17
12
19
6
8
21
20
7
8
21
16
8
13
5
5
22
13
15
18
15
19
8
23
17
20
16
14
6
8
5
18
11
18
13
18
22
15
11
24
24
24
9
16
11
24
8
23
21
20
5
5
18
6
24
15
16
21
19
19
6
7
16
5
22
22
16
10
16
10
9
8
13
24
11
18
5
23
8
20
9
19
22
23
20
22
14
13
9
8
10
15
10
21
18
24
12
22
20
7
16
17
16
10
22
24
16
17
9
24
5
22
23
12
10
7
15
21
6
23
20
10
18
10
8
17
16
23
6
5
6
11
14
19
18
12
12
12
16
22
5
9
24
22
6
10
19
13
17
5
16
15
22
18
14
9
22
20
9
10
20
23
18
17
22
