890
10
10
11
22
9
24
7
11
15
10
19
15
23
15
10
6
11
19
16
20
9
24
19
6
7
12
18
21
5
7
17
18
14
24
11
10
18
14
21
7
16
13
11
5
24
24
13
20
10
22
16
8
11
16
11
16
12
10
9
23
21
22
24
22
18
24
24
16
14
5
7
11
13
21
21
21
16
7
13
21
21
7
19
9
8
24
24
6
15
17
16
14
13
10
6
23
14
8
19
16
14
5
8
13
23
7
10
8
10
20
6
18
21
11
21
22
21
18
23
20
23
7
7
7
10
10
23
21
24
21
6
14
12
15
22
9
20
7
9
10
15
16
11
11
23
18
7
22
17
24
7
19
18
13
6
16
23
11
18
13
5
14
22
22
23
18
22
16
5
8
10
12
5
6
5
11
17
7
19
7
13
17
21
19
18
15
22
14
24
23
19
14
9
5
24
17
20
6
15
21
5
7
21
20
11
14
11
11
16
16
19
16
16
10
17
7
13
5
5
17
22
12
24
17
8
12
23
21
18
8
7
9
6
16
22
23
6
9
14
10
12
7
22
24
14
9
23
16
9
6
13
14
17
21
15
22
6
24
15
7
14
19
11
20
11
15
5
10
8
18
14
9
20
9
24
17
16
16
6
21
7
11
9
11
20
7
16
16
6
5
12
23
19
11
22
5
7
8
11
23
21
17
23
11
6
9
13
10
17
11
19
23
15
20
9
22
7
21
16
19
14
10
14
18
21
24
5
5
20
22
15
7
12
18
12
5
17
5
6
15
10
24
13
22
13
21
13
21
10
15
19
5
8
21
14
22
9
15
20
15
24
22
8
11
13
10
10
14
12
11
5
12
14
5
9
12
21
18
10
17
6
5
17
15
18
24
18
16
18
7
18
15
5
16
16
21
21
12
24
11
8
20
16
8
17
17
23
16
19
22
7
23
23
11
9
15
18
20
16
5
17
12
9
15
13
8
15
23
7
12
19
12
6
12
22
5
24
9
14
16
10
10
11
22
19
18
8
21
5
20
11
11
5
23
22
12
9
21
11
11
23
11
11
20
16
18
19
18
6
23
11
16
20
18
24
17
13
17
6
20
20
6
11
24
19
11
20
12
13
17
5
7
22
19
15
7
19
24
19
19
12
21
6
9
11
14
13
10
14
9
22
9
9
8
16
14
17
20
9
11
17
18
6
6
12
18
16
22
7
8
18
24
21
15
6
7
5
21
18
7
16
9
17
7
13
11
23
7
6
14
9
17
5
21
13
19
15
8
18
17
12
19
9
17
21
15
8
13
24
16
20
22
11
13
11
7
20
7
22
5
19
14
18
12
20
13
10
12
9
15
13
19
22
24
6
10
13
23
8
12
13
7
13
14
14
9
11
21
9
24
15
18
10
23
6
19
12
8
17
20
10
9
12
21
13
17
23
19
9
10
17
11
24
10
19
14
17
13
18
19
14
17
9
24
15
21
9
24
20
20
10
6
17
14
11
10
12
16
7
13
15
17
20
10
13
9
17
24
8
22
23
20
6
23
12
9
21
13
13
7
19
6
10
20
14
12
20
22
21
14
10
6
9
22
17
15
8
15
11
7
12
11
7
10
8
18
16
16
20
10
20
13
6
6
19
9
18
5
13
15
6
19
24
11
7
7
11
11
5
21
21
7
5
17
18
9
18
10
17
20
17
24
10
6
14
11
19
9
16
16
18
10
17
11
10
16
8
11
11
9
12
19
15
24
6
14
16
10
6
6
12
23
7
23
8
5
13
6
13
20
9
17
5
18
24
13
6
21
24
15
5
10
20
21
10
18
23
8
24
21
21
12
15
8
10
24
14
10
24
24
17
6
24
17
16
9
16
14
10
7
16
14
8
9
7
11
16
13
5
11
19
5
23
14
8
15
19
10
8
6
7
18
23
11
21
7
23
23
9
6
21
8
11
16
21
7
23
24
23
24
7
17
20
11
12
24
10
11
5
13
5
13
10
7
11
11
13
23
15
17
11
13
23
17
21
5
19
7
21
17
18
