815
10
15
18
18
12
15
14
16
22
5
16
20
9
5
9
8
9
8
21
10
23
24
10
18
22
9
17
9
21
20
7
20
5
20
13
10
11
10
14
18
23
15
18
21
24
15
16
15
5
24
14
6
17
18
14
17
7
16
5
6
8
23
6
16
13
24
24
10
6
8
18
21
18
14
9
22
14
19
13
16
15
18
12
5
15
11
15
23
7
6
7
7
12
23
8
14
14
20
22
5
6
11
21
15
9
8
19
21
8
7
10
17
11
21
15
20
22
13
17
23
10
15
23
5
19
19
13
20
22
7
8
5
19
12
8
18
17
23
14
23
21
14
7
24
21
9
20
11
5
10
22
9
16
17
14
8
9
21
13
21
11
17
21
19
24
11
19
16
14
11
13
11
14
23
6
20
21
19
18
21
5
19
16
10
14
7
22
15
16
15
11
13
15
19
21
19
21
7
22
7
12
11
17
14
18
15
13
13
11
6
9
15
17
5
24
12
22
14
14
15
13
22
24
20
20
17
8
24
20
14
16
10
7
23
13
8
6
23
21
19
15
6
6
8
15
6
6
21
21
16
23
23
18
15
12
14
17
5
11
23
6
15
11
17
11
24
13
16
5
13
18
19
9
24
11
21
11
15
10
19
11
17
19
9
23
20
15
24
13
10
13
15
9
9
5
17
5
9
9
19
21
6
24
15
17
24
22
18
6
24
7
20
24
8
13
14
19
14
21
24
22
9
18
17
9
9
19
24
7
11
6
13
6
14
14
13
11
24
11
19
23
21
15
15
9
5
9
21
19
5
13
8
23
16
10
13
17
20
20
24
18
9
19
17
5
13
9
16
20
23
12
23
15
17
8
9
8
24
11
12
6
21
24
15
15
15
10
18
10
8
10
8
15
23
20
16
10
7
17
12
10
18
7
6
18
14
11
8
19
7
12
24
17
5
14
21
20
24
13
17
15
18
11
12
12
6
9
18
12
23
22
9
14
7
7
14
7
23
7
10
12
11
15
8
19
11
19
22
13
21
19
6
13
10
20
8
15
13
15
10
19
19
16
23
16
22
17
13
7
23
22
13
24
6
5
22
21
22
10
22
22
10
21
9
24
24
9
24
18
16
21
9
5
14
18
18
13
9
16
8
9
16
14
23
12
23
8
11
18
9
12
6
11
18
22
21
22
8
17
5
14
8
15
23
19
19
13
11
19
19
24
14
13
8
8
23
6
11
22
22
11
22
21
17
23
6
14
14
6
6
6
17
16
17
18
11
11
23
17
13
8
13
21
24
20
24
23
5
16
5
11
13
12
11
5
22
12
8
17
6
18
13
14
10
22
14
17
18
17
19
14
16
6
21
19
6
18
16
17
10
16
21
9
21
16
5
16
15
9
11
8
11
14
7
14
19
10
7
16
12
20
21
23
24
18
19
7
15
14
24
24
8
8
12
14
21
7
8
17
20
14
16
22
10
7
18
5
24
11
12
15
12
21
10
6
13
5
10
20
20
17
24
17
9
23
22
17
6
14
20
13
23
15
9
23
14
17
24
13
21
12
23
19
19
23
18
21
7
5
10
19
5
18
8
12
12
24
17
10
24
5
21
20
17
12
14
12
8
15
11
16
7
11
13
23
12
19
17
12
23
12
11
10
13
22
8
5
9
5
16
14
10
15
15
18
7
5
22
20
24
21
20
19
16
15
16
11
24
17
15
17
12
9
10
19
21
17
11
15
12
21
24
12
17
13
22
14
20
18
9
15
13
21
7
6
6
7
19
16
11
11
15
22
10
23
7
10
5
22
15
23
17
11
15
16
21
10
5
10
8
8
23
13
12
12
16
20
24
5
15
5
9
16
7
17
9
