880
10
13
12
18
23
15
21
5
12
20
8
13
5
12
15
17
23
18
13
19
17
9
18
17
13
21
6
8
19
7
14
12
22
22
5
22
21
13
16
13
5
19
6
22
20
6
19
19
17
9
20
7
8
13
22
16
12
22
24
7
6
23
17
9
9
19
7
16
11
12
11
24
15
18
17
20
19
14
15
20
10
21
10
24
20
20
17
13
15
5
22
12
11
19
23
17
20
8
14
17
15
16
14
19
19
22
6
13
7
11
15
18
18
19
18
22
14
12
16
10
21
19
20
19
18
14
23
18
9
20
22
20
19
7
11
20
5
23
5
6
22
8
24
9
24
19
6
13
20
11
5
17
11
19
17
7
11
19
14
22
14
20
14
19
22
10
21
14
12
20
23
11
22
15
17
15
13
19
5
12
12
12
16
10
21
10
19
13
18
8
10
8
16
11
20
16
23
21
21
10
13
14
14
7
14
23
11
18
12
18
7
12
17
22
8
15
22
8
20
13
8
20
18
21
22
5
23
20
5
16
17
10
16
20
18
24
18
12
9
9
23
6
19
21
12
19
21
22
11
16
22
23
23
11
8
16
13
24
10
7
17
23
17
13
24
15
5
12
22
10
16
13
7
7
14
11
11
6
24
14
16
6
23
23
21
13
20
9
17
13
22
21
16
10
20
19
18
6
14
8
14
24
18
20
19
18
13
5
23
6
24
11
8
15
12
16
9
13
18
16
5
23
20
13
11
18
18
24
14
10
13
12
23
20
10
12
21
11
18
17
13
21
17
14
20
11
21
23
15
21
23
22
6
11
10
20
12
17
16
17
15
14
9
23
15
17
21
17
18
9
14
17
8
10
8
6
12
21
22
8
23
16
23
21
23
8
21
10
17
24
9
9
10
23
24
10
8
23
17
5
13
5
17
21
12
5
9
23
7
21
23
7
21
14
20
8
18
24
9
19
5
12
13
17
14
12
20
21
5
10
10
22
7
14
11
23
17
22
22
14
14
20
12
15
10
11
17
20
5
15
6
22
9
11
9
15
24
18
14
16
22
18
11
11
8
16
12
14
15
20
13
5
12
14
13
5
17
19
11
15
16
14
16
9
7
6
9
5
24
5
6
23
8
11
20
16
16
9
20
9
18
21
22
23
23
18
21
13
5
22
16
24
17
13
6
14
16
18
19
18
22
16
8
17
21
9
22
6
6
22
10
5
11
16
8
17
13
21
14
15
20
8
20
19
9
19
6
6
13
9
18
19
13
11
16
23
14
20
8
24
14
6
12
5
13
21
19
20
14
22
14
7
10
18
13
17
19
12
19
12
5
13
11
7
18
19
18
21
20
21
14
10
10
18
12
23
24
20
20
21
19
18
15
16
17
6
6
21
17
13
24
10
24
24
12
6
12
8
22
19
18
6
9
13
8
13
16
21
8
13
18
24
24
9
15
11
6
17
16
15
16
6
18
22
14
24
20
24
21
5
12
13
16
12
21
15
13
21
6
20
21
12
18
19
9
21
15
12
6
15
9
7
20
6
22
17
15
12
20
6
18
19
23
18
6
15
16
22
20
6
15
20
7
6
23
8
21
5
11
23
24
16
21
14
12
17
22
11
24
7
7
14
18
5
13
19
21
7
21
14
22
17
11
5
15
13
21
14
21
15
7
19
20
13
23
15
5
17
15
15
7
11
22
15
23
11
24
24
11
21
21
13
7
21
22
18
19
22
13
9
12
7
11
5
22
16
11
22
10
23
17
23
22
23
8
22
14
7
13
21
18
11
10
13
6
23
24
24
5
13
6
6
19
14
19
14
18
6
5
16
20
6
16
21
16
6
21
21
18
22
21
17
13
10
19
9
8
7
13
11
20
6
20
8
18
12
14
11
24
12
23
15
23
23
23
14
9
14
6
15
24
7
18
17
8
23
17
10
5
24
13
15
20
10
20
19
16
8
10
15
21
16
18
13
7
13
24
13
21
6
18
16
12
15
5
9
19
20
15
7
12
