820
10
7
9
24
6
19
21
22
6
14
21
23
18
11
12
10
15
23
17
14
19
20
16
17
24
20
6
16
20
7
8
18
14
14
14
13
24
14
24
14
8
21
5
11
18
12
14
20
20
14
11
8
13
21
20
22
15
11
9
16
24
12
16
23
9
19
23
13
22
19
15
13
22
8
22
13
11
7
18
5
17
11
23
15
16
14
11
7
21
24
14
15
14
6
5
13
22
20
15
21
23
5
19
21
24
8
17
14
15
8
16
13
20
24
9
24
24
6
17
24
12
11
14
24
10
12
16
12
11
19
8
12
8
20
19
11
18
7
8
20
24
9
19
24
11
23
17
22
22
22
13
5
9
8
22
16
5
20
16
12
22
22
13
22
19
22
20
20
23
7
20
6
5
12
19
10
19
11
19
14
21
22
23
18
8
24
12
10
14
19
18
9
24
24
6
16
18
13
17
18
8
15
22
21
19
9
13
23
12
12
20
11
5
17
24
14
9
9
5
19
5
8
9
19
24
21
6
5
5
6
23
22
9
19
16
16
20
14
9
15
5
11
22
13
6
21
16
23
15
5
22
21
22
13
23
21
8
10
23
14
18
24
17
24
22
20
23
24
7
21
14
13
8
10
6
17
17
11
18
15
11
11
17
7
22
23
16
17
6
5
24
22
7
16
12
19
19
8
8
24
9
10
17
19
11
19
5
22
21
14
19
15
5
19
20
6
12
5
5
5
15
20
5
5
7
22
15
21
11
17
13
8
15
19
5
11
7
12
13
5
10
12
6
8
21
5
17
16
24
12
5
18
11
10
18
20
19
5
19
13
15
17
12
17
18
5
19
10
23
11
12
21
13
5
8
8
14
5
14
5
23
12
9
9
17
15
11
14
9
14
12
6
23
18
12
10
21
15
6
16
9
23
8
18
5
7
12
24
18
12
17
16
23
13
17
24
15
19
20
20
19
21
13
10
19
15
12
24
5
11
23
17
19
21
18
13
6
16
11
8
19
20
12
5
14
22
20
16
19
14
9
17
17
5
14
11
18
5
6
18
21
6
5
9
10
19
11
21
12
21
24
7
22
11
18
9
24
23
10
9
22
21
6
9
5
19
24
15
5
14
20
12
17
8
13
12
18
18
18
19
16
9
16
7
6
24
10
19
15
6
24
15
19
22
19
5
13
23
11
8
8
16
8
15
13
24
18
6
6
19
10
14
9
21
14
23
13
11
6
16
13
9
6
21
8
15
8
16
16
12
6
19
7
13
17
6
9
11
9
11
24
9
9
14
23
16
19
10
5
12
9
11
22
16
7
9
11
15
17
19
19
19
6
24
22
23
23
18
22
12
9
6
6
24
17
24
19
20
11
22
11
20
11
24
8
9
16
13
21
10
14
13
24
20
14
23
12
9
5
10
7
16
23
5
9
16
8
8
11
11
13
21
11
21
12
12
17
14
8
23
10
24
15
15
13
6
15
8
22
23
9
23
5
15
19
10
9
18
13
12
14
21
17
20
24
5
19
14
24
19
20
17
14
18
5
11
5
18
8
18
16
10
10
23
22
21
20
15
17
16
20
22
9
12
8
8
11
15
6
14
5
14
23
21
8
10
14
24
5
12
6
23
6
8
12
13
24
21
22
18
18
12
12
10
10
18
22
7
12
19
12
21
9
5
10
9
13
18
11
15
12
23
20
21
11
15
11
14
15
12
6
24
20
20
23
11
24
15
18
18
7
9
5
19
11
8
24
14
13
5
20
22
6
20
11
10
13
21
11
5
13
5
12
21
15
6
8
5
7
20
20
8
8
22
9
22
7
13
10
12
16
7
14
9
15
23
10
20
22
12
16
15
12
13
15
17
7
9
19
17
19
