810
10
21
19
13
17
15
20
13
5
15
5
16
22
15
15
24
20
13
19
6
16
10
8
12
22
18
18
19
11
15
8
10
5
20
19
21
11
17
23
5
24
21
15
20
19
21
13
21
17
12
12
23
12
17
22
11
12
20
11
18
8
21
24
20
15
24
20
14
17
22
5
17
21
17
23
23
17
5
15
5
21
15
7
20
13
16
6
15
22
15
23
13
24
5
10
11
6
10
7
8
22
5
20
24
17
20
18
12
23
22
19
24
8
22
15
5
19
12
20
6
12
12
12
17
14
11
12
22
10
6
16
15
19
7
10
12
7
11
14
24
10
18
24
21
10
9
17
8
20
9
24
20
15
9
14
13
23
14
24
6
11
5
13
12
12
19
21
14
23
12
14
21
18
17
5
22
12
23
11
19
10
14
14
19
13
16
12
13
10
19
24
20
22
9
21
14
8
5
15
10
21
21
23
21
14
12
15
21
9
14
9
9
18
23
14
5
12
19
10
10
21
13
18
21
10
7
17
21
24
19
5
8
21
12
20
12
8
6
11
10
12
9
5
23
19
13
20
7
22
16
13
23
6
9
15
12
7
12
7
6
8
14
23
16
23
19
6
8
13
16
15
7
11
8
6
7
22
15
23
13
13
17
8
12
13
18
8
12
17
6
11
8
24
21
5
9
20
16
15
11
8
22
16
18
17
23
13
11
11
14
9
7
16
24
12
21
23
9
19
12
12
11
20
15
23
5
23
12
6
5
18
24
11
11
14
12
15
22
8
7
17
14
12
16
20
20
12
15
24
21
5
21
12
13
18
11
5
5
9
17
11
13
24
15
7
23
9
5
23
17
7
21
5
6
21
6
19
8
13
5
24
19
6
11
22
14
10
5
16
18
23
11
6
15
16
5
19
20
17
5
23
8
17
15
11
19
21
19
10
10
5
19
18
14
21
17
17
17
19
24
14
19
9
8
19
9
23
5
12
23
6
8
14
11
18
12
6
16
6
7
18
17
7
22
11
15
8
17
20
17
9
8
19
10
14
22
14
6
16
23
10
6
11
21
8
6
7
21
23
13
5
20
10
21
24
13
18
17
10
21
9
16
17
10
17
23
24
14
12
10
11
19
20
5
10
5
21
18
19
12
6
16
10
8
18
9
14
12
5
13
18
22
20
20
22
13
9
7
5
20
23
12
5
14
23
11
13
16
5
21
14
11
10
22
8
21
18
15
5
11
13
15
10
19
23
15
9
13
6
6
6
7
5
10
9
11
15
13
6
13
16
20
13
17
16
22
17
17
10
22
8
23
13
6
16
18
23
8
5
22
10
23
11
9
21
11
23
23
11
22
11
14
7
23
23
19
20
17
8
12
11
22
7
7
15
10
9
9
5
7
10
9
10
10
20
8
15
11
8
24
20
15
21
5
13
11
17
12
21
6
24
20
12
19
11
15
24
9
21
17
12
7
21
9
10
16
13
9
7
10
20
12
10
23
20
7
9
6
14
20
12
19
23
19
16
5
7
20
7
8
24
6
12
10
14
6
5
21
10
7
6
8
10
14
16
19
12
16
17
5
23
15
20
8
15
14
5
24
23
20
13
5
22
20
13
23
23
16
16
20
7
8
18
13
14
23
23
23
5
15
5
5
18
14
23
22
9
13
22
20
12
18
6
24
23
22
11
6
6
8
19
22
12
18
17
21
8
13
14
14
15
9
11
24
6
12
22
12
17
11
24
9
17
7
18
24
11
17
19
19
15
9
17
6
8
14
10
24
21
10
19
12
22
18
12
23
17
21
20
19
23
14
5
7
7
5
24
14
9
21
19
14
21
19
11
21
17
20
17
6
9
