875
10
19
6
19
12
6
11
19
17
5
11
23
20
20
15
10
5
19
22
5
16
10
16
5
18
9
21
14
23
19
19
13
8
7
16
19
5
14
22
16
5
16
22
8
15
21
21
12
21
16
23
12
12
24
22
20
6
23
6
5
8
21
7
8
16
13
8
10
8
23
24
15
10
6
11
9
23
9
14
16
15
17
24
8
10
17
16
7
21
23
16
5
20
19
21
22
5
6
6
24
7
17
7
10
20
12
15
18
13
6
21
10
23
7
8
9
15
10
14
17
19
16
7
8
13
5
11
17
21
6
22
5
23
9
5
12
23
10
17
6
13
18
24
11
17
10
24
7
19
17
8
10
17
23
6
24
17
24
7
21
10
5
14
17
12
13
12
6
8
15
6
7
10
20
6
6
14
5
11
6
22
8
22
11
22
12
21
18
9
6
12
20
24
10
5
8
10
15
14
14
18
20
13
20
18
24
10
11
17
17
9
22
19
6
16
7
22
6
22
14
9
5
13
5
5
6
9
10
16
22
14
20
21
21
7
12
7
10
18
19
6
10
23
22
8
22
22
7
17
10
18
12
21
12
16
5
23
9
18
22
23
6
11
7
6
5
15
13
6
15
17
14
13
20
5
12
15
11
9
10
8
20
23
8
20
19
20
14
5
6
17
10
7
7
11
23
20
21
10
21
19
9
11
18
23
22
22
18
24
14
11
16
6
23
13
6
15
10
21
16
16
6
17
12
24
5
5
9
19
13
20
21
17
10
7
21
7
8
23
18
13
16
17
6
7
8
15
18
22
21
11
10
10
12
16
17
5
13
20
24
15
8
12
14
6
9
11
7
21
7
23
18
16
10
19
16
24
7
6
11
21
13
14
20
5
17
19
22
15
21
14
24
9
23
11
10
12
10
14
11
22
19
19
7
7
22
17
20
19
15
10
19
19
12
6
7
20
5
20
5
7
7
18
14
16
18
20
22
16
21
20
13
5
20
22
21
8
6
16
16
18
9
17
8
17
16
6
14
16
23
19
11
22
18
8
13
24
24
19
6
9
11
5
10
22
13
5
8
11
13
10
20
9
13
22
24
16
24
20
21
12
17
23
24
19
22
20
10
17
6
5
5
21
14
5
21
6
23
8
16
18
16
21
7
6
6
23
17
13
16
23
21
24
8
9
12
24
12
10
24
12
23
6
5
10
20
16
11
19
10
10
5
15
21
7
5
11
9
20
24
15
16
20
21
16
11
12
6
19
10
17
16
20
9
17
17
17
20
14
15
7
13
19
6
23
13
13
11
12
17
6
13
24
9
21
10
5
16
17
24
18
14
23
17
22
9
23
16
18
10
7
13
6
5
8
9
14
13
12
8
11
24
9
16
22
21
19
23
22
16
15
5
5
22
11
7
16
10
23
8
24
22
11
18
22
18
9
9
24
16
22
5
10
23
12
9
6
18
6
21
7
10
15
20
18
8
21
23
12
10
18
15
21
8
15
5
17
7
17
9
16
18
5
12
20
21
23
20
23
19
18
23
5
7
16
18
19
19
13
20
13
18
19
22
23
9
9
7
6
9
24
14
19
7
11
16
21
8
11
24
8
12
7
17
10
7
11
20
13
15
16
11
20
5
19
5
11
15
6
15
14
19
20
5
13
23
18
19
18
5
20
15
16
5
13
20
8
21
11
16
8
5
16
19
16
9
14
16
24
16
18
21
15
18
6
16
10
7
13
13
22
23
5
12
16
18
13
23
7
18
17
15
12
23
18
8
5
11
7
23
20
11
9
18
19
22
24
12
10
17
15
18
5
11
15
22
20
16
13
18
17
6
17
21
24
11
22
23
19
10
14
22
17
20
12
10
6
15
6
21
16
7
22
11
23
9
5
10
16
18
14
22
16
24
14
10
21
20
12
7
18
12
20
5
16
15
17
15
14
16
7
19
5
24
9
16
13
13
20
12
23
11
13
19
19
5
24
14
7
6
8
20
11
18
5
24
