825
10
19
23
17
19
11
5
8
17
6
8
23
23
6
11
12
17
6
15
23
6
21
15
14
18
9
5
5
5
19
22
22
5
5
19
14
8
16
7
18
23
15
11
14
23
20
18
23
18
18
6
16
10
21
24
7
5
23
23
18
21
23
16
15
12
20
18
8
16
7
17
15
12
10
14
10
19
15
21
7
15
12
23
8
11
9
12
14
14
12
8
7
7
17
18
14
16
7
14
7
19
22
12
24
5
19
21
8
23
17
14
11
20
18
22
23
21
15
5
10
16
9
11
12
6
21
7
16
7
15
16
14
20
12
22
8
17
17
9
12
19
12
24
19
10
10
14
12
23
14
9
11
19
14
21
12
11
16
10
19
17
16
22
7
9
17
16
24
17
13
18
14
7
19
7
20
8
12
11
17
18
18
11
22
15
6
13
21
18
12
13
14
8
5
12
5
24
21
22
23
15
15
15
18
22
10
14
17
10
9
6
16
18
19
14
18
17
10
20
13
19
15
19
15
14
11
9
15
6
8
20
10
17
10
13
20
21
17
7
14
8
13
18
11
7
17
24
12
24
5
10
17
9
11
8
18
22
18
10
6
10
6
18
24
7
7
11
12
16
24
17
12
11
8
24
16
12
5
24
15
9
17
6
13
22
6
12
7
24
5
6
15
22
20
13
9
15
13
14
21
11
20
20
14
14
13
8
24
23
5
14
16
18
24
16
13
16
19
11
15
9
21
10
8
20
20
19
22
11
14
17
17
5
23
16
21
17
12
9
7
18
19
13
17
13
22
22
5
12
14
21
10
8
14
13
6
9
20
13
22
18
8
17
14
20
23
13
16
21
19
8
14
22
14
15
17
14
20
17
21
5
24
10
10
13
15
12
17
12
15
16
9
8
15
14
9
22
15
15
19
8
24
8
18
14
10
11
5
7
6
7
9
5
15
6
22
16
9
7
17
15
22
6
12
22
24
23
15
8
7
10
19
5
8
9
18
8
20
17
12
6
24
16
21
18
9
17
23
6
19
13
22
24
11
16
10
23
11
20
22
21
7
22
24
17
10
9
5
22
22
5
11
22
13
7
16
13
9
23
15
22
19
14
15
24
11
11
8
11
24
6
19
19
12
15
20
14
15
13
11
21
6
11
8
11
10
13
8
22
23
16
22
8
7
7
14
19
19
13
21
11
22
13
10
8
20
17
17
15
19
8
23
24
18
7
6
18
11
5
23
20
23
12
18
5
15
16
21
5
18
16
22
17
18
24
7
13
13
24
7
8
5
23
23
21
16
9
14
18
7
8
15
9
17
11
14
12
12
16
14
13
12
22
10
23
11
7
14
21
14
12
21
17
11
21
5
18
11
21
7
23
19
17
6
7
18
17
19
5
10
19
11
20
9
5
9
13
11
19
18
14
11
6
19
11
6
20
14
12
19
7
14
5
6
17
21
11
24
22
19
16
5
10
17
22
5
11
8
9
15
20
21
14
12
12
6
17
17
20
7
11
13
23
22
17
17
20
24
5
13
15
22
18
12
21
5
19
9
22
10
5
6
17
5
18
9
7
17
7
6
10
10
19
15
5
15
10
16
5
7
24
16
6
15
6
16
15
5
19
11
21
12
12
10
23
12
6
7
23
21
6
5
17
8
19
19
13
10
17
10
20
22
5
5
20
22
20
8
9
10
13
5
11
17
11
16
21
12
18
17
21
17
5
8
18
21
13
20
8
14
16
17
10
21
16
20
22
7
13
6
6
7
14
18
10
9
5
23
16
22
13
18
23
13
20
13
13
12
15
6
24
24
9
18
11
7
5
22
22
8
20
7
23
14
14
6
5
9
22
20
7
14
8
12
19
18
16
12
5
7
13
9
14
7
7
16
