835
10
14
15
11
6
14
21
5
14
9
18
20
19
21
22
22
11
15
7
23
24
13
16
19
24
16
15
18
11
15
11
16
12
21
10
19
11
9
23
13
23
20
12
19
17
13
15
22
7
17
18
6
17
8
14
17
5
9
9
11
10
9
13
17
20
12
21
7
19
13
6
10
17
11
18
6
18
11
18
13
23
8
14
19
9
23
23
19
24
11
21
11
19
16
6
7
18
17
24
18
18
24
22
6
7
15
14
10
8
12
22
11
12
20
21
13
13
22
15
21
5
24
5
12
10
24
18
6
23
17
23
16
9
24
18
7
24
18
15
11
18
15
20
16
22
18
21
13
15
24
12
11
16
11
8
24
12
24
14
22
10
17
6
6
23
9
15
18
9
14
16
20
12
6
11
24
8
13
8
18
18
22
17
20
24
8
13
11
7
21
22
6
5
16
9
23
20
13
16
11
6
9
11
21
19
11
16
7
8
24
17
24
14
20
16
14
6
15
22
12
18
19
17
24
10
10
16
12
24
6
13
10
14
21
19
18
5
14
6
24
16
6
15
12
7
21
5
15
14
17
10
7
6
22
24
19
6
19
7
20
8
24
24
19
11
21
24
5
8
24
10
5
13
12
24
9
22
18
21
9
16
20
13
21
21
21
22
22
9
23
14
7
15
5
18
18
7
17
14
23
16
17
20
8
19
19
23
16
14
11
12
22
15
14
15
17
6
20
12
6
6
10
21
22
13
23
5
15
19
10
16
6
8
13
7
15
5
11
11
8
8
15
5
23
13
22
16
12
5
17
17
24
11
21
9
5
7
10
5
9
18
10
16
17
12
11
11
20
20
17
18
18
6
23
20
12
8
24
7
5
19
21
10
10
10
11
8
18
7
23
18
18
14
19
17
13
24
7
13
8
8
12
23
9
22
18
10
21
21
12
10
16
7
19
18
21
16
11
7
11
11
6
6
20
5
19
7
9
20
15
9
7
17
16
22
5
23
6
19
18
11
23
8
6
13
17
10
17
17
7
19
16
7
11
16
17
16
8
22
21
17
9
14
21
7
9
7
11
18
21
22
19
24
23
9
6
13
24
10
6
20
23
10
16
21
9
14
23
19
9
6
10
18
18
21
22
21
15
17
18
22
7
12
20
10
6
17
21
24
24
5
20
19
21
5
15
15
9
8
19
22
11
15
16
20
17
5
6
16
19
14
14
7
9
24
12
6
19
24
10
5
20
19
6
20
22
13
22
17
7
11
9
8
24
5
9
13
11
23
16
12
15
17
24
5
7
19
17
24
14
7
17
20
17
17
14
23
23
16
12
17
14
7
21
18
6
24
15
23
16
6
18
9
5
10
12
21
21
8
9
11
15
8
19
10
7
15
18
14
15
8
21
17
15
15
11
24
15
13
6
9
11
23
18
11
20
17
24
18
18
8
17
13
6
24
19
14
5
8
16
20
22
7
14
24
9
7
23
14
17
10
13
12
5
9
10
21
8
6
6
20
15
10
22
12
7
19
6
12
24
12
22
20
12
7
15
6
13
12
13
23
15
20
8
11
18
17
16
24
13
10
22
7
11
7
10
21
15
13
19
16
11
20
17
23
17
15
23
8
7
14
8
5
17
15
12
14
22
7
21
16
15
15
23
24
19
10
10
16
5
22
22
23
11
20
10
12
18
14
22
21
7
8
10
18
20
7
16
5
24
9
9
13
7
6
5
6
15
16
18
8
17
23
24
8
24
15
15
5
21
22
20
5
12
11
9
23
18
21
9
13
12
22
16
18
8
7
21
17
15
21
22
14
23
14
24
7
14
6
17
24
24
18
14
16
19
10
22
19
5
15
14
21
8
12
14
8
9
10
6
22
22
20
17
6
19
24
11
9
16
24
15
14
10
21
8
