830
10
7
22
21
18
24
9
5
19
24
17
6
13
22
12
5
18
21
13
19
6
18
6
9
20
15
20
14
22
9
9
21
16
8
10
11
10
23
15
9
17
19
20
15
20
14
22
16
20
16
20
17
5
6
20
13
8
16
21
7
11
18
18
16
11
7
17
21
6
5
15
22
8
9
16
9
12
9
15
12
5
5
20
5
10
16
14
19
11
8
17
19
18
13
20
11
15
18
11
8
24
19
12
10
9
6
16
16
12
13
15
13
13
6
5
11
8
23
11
16
23
5
10
6
8
23
19
17
8
23
12
14
7
16
11
8
16
12
5
12
8
10
6
13
23
13
19
7
23
7
8
7
7
24
10
12
8
7
18
10
14
11
17
17
17
12
23
6
17
9
21
5
9
22
15
21
17
20
19
21
8
16
21
5
10
17
12
10
14
5
10
7
24
10
24
11
10
12
17
8
20
11
22
23
22
15
14
24
14
23
24
13
19
23
10
17
22
19
24
10
11
10
7
24
24
8
11
18
14
22
17
11
21
12
14
10
15
13
9
23
17
8
14
23
11
19
14
12
5
8
7
5
22
5
8
20
24
20
17
20
10
24
23
19
8
24
19
18
21
22
22
13
8
5
13
19
12
16
6
9
20
22
7
23
16
14
6
11
6
7
14
11
22
6
14
23
9
13
20
16
8
20
14
16
5
7
9
5
14
22
5
21
15
14
18
12
8
13
8
10
8
17
19
17
20
14
15
20
23
13
5
18
22
14
8
16
9
6
22
9
22
22
21
23
6
15
22
24
6
23
23
5
7
6
22
8
6
22
5
5
8
5
11
21
9
8
17
22
12
14
17
15
12
15
15
16
21
23
5
16
11
19
23
7
19
18
21
23
12
17
5
23
22
13
12
17
9
15
9
13
14
18
16
11
6
21
18
16
8
16
22
10
18
17
24
13
12
20
18
13
9
8
19
13
10
21
18
19
21
10
15
10
11
23
21
17
22
17
16
10
11
11
10
23
12
14
17
14
6
9
23
24
21
22
11
8
21
20
8
21
13
13
12
5
11
9
23
22
16
10
18
10
14
12
19
12
16
12
15
19
13
13
15
15
9
23
20
7
17
15
14
24
14
8
12
5
18
24
14
20
11
20
7
5
12
7
15
19
18
21
21
19
20
12
18
6
20
15
14
19
7
6
12
21
11
12
6
6
7
12
15
20
7
23
12
23
19
15
20
22
19
5
12
23
5
21
5
24
7
14
15
15
19
5
14
14
21
24
11
22
12
8
8
23
5
24
13
15
9
17
12
7
11
15
24
10
22
9
6
15
21
21
9
16
17
24
17
13
23
16
10
6
15
17
19
19
20
18
17
14
15
9
6
20
24
22
17
5
17
20
11
6
10
19
13
17
24
14
11
16
21
5
5
20
6
23
6
21
13
17
21
7
10
11
18
15
16
17
10
8
24
6
15
9
19
17
22
11
10
20
18
17
16
14
18
20
7
18
11
10
15
6
17
19
20
14
13
14
11
9
15
10
16
7
22
16
11
14
17
14
6
10
17
10
11
19
21
21
7
5
9
20
7
24
9
17
18
16
9
15
20
8
10
7
17
14
12
15
11
10
18
13
23
24
16
5
23
17
15
12
6
9
5
5
15
7
24
6
12
23
20
24
15
13
9
8
7
20
9
10
22
17
8
16
10
17
23
5
11
14
20
24
8
15
13
15
22
19
14
21
10
11
13
24
9
16
5
21
14
21
10
9
5
15
16
24
24
14
18
17
7
24
12
22
5
16
22
20
5
9
17
11
11
18
15
22
13
18
17
9
22
21
17
12
6
5
14
9
15
7
18
23
24
6
6
10
13
7
17
22
18
24
7
11
13
7
21
16
19
22
18
