850
10
23
24
13
11
17
9
21
19
16
13
8
23
5
23
8
13
21
6
7
23
11
19
21
17
24
20
21
12
13
21
20
6
12
18
13
21
16
11
24
19
11
9
22
8
5
14
15
16
7
16
23
13
10
11
13
14
7
8
22
6
12
11
19
10
5
5
19
5
24
7
7
22
18
7
11
17
16
20
10
19
15
5
11
24
24
23
12
19
19
8
15
13
7
21
20
16
8
13
9
15
9
12
22
23
17
22
18
12
17
8
14
17
15
9
21
19
22
6
16
9
18
16
5
17
11
8
7
23
10
21
17
15
8
19
8
6
16
11
19
14
12
6
18
15
16
23
15
21
19
17
14
11
14
16
11
7
11
19
14
12
23
7
18
6
24
14
15
12
7
6
10
12
13
19
16
24
17
16
24
20
19
23
21
14
8
23
20
5
23
22
7
23
22
13
12
14
10
7
8
5
5
23
16
8
22
10
13
5
16
8
8
11
11
8
22
9
8
6
6
9
16
18
18
15
21
11
15
12
17
9
22
24
24
14
15
11
12
23
8
5
24
19
11
14
22
16
13
21
10
17
16
13
17
17
17
13
7
19
11
12
21
9
11
5
22
6
17
22
17
18
15
21
16
8
17
17
13
20
14
17
10
16
15
22
14
5
17
12
15
11
13
15
15
9
12
21
9
16
9
23
8
8
23
21
14
20
15
15
23
10
12
18
8
11
13
21
20
6
13
20
7
12
11
19
22
15
8
24
23
16
11
8
14
24
15
11
20
23
8
14
8
13
23
15
24
21
8
20
7
22
7
11
17
14
15
6
19
15
8
17
17
6
19
11
18
10
12
6
20
13
16
13
21
22
17
13
14
15
11
5
6
23
12
10
22
5
8
22
13
19
20
9
11
17
9
22
12
18
14
20
16
18
19
8
17
15
12
20
13
13
21
6
17
16
8
7
7
24
22
24
12
17
7
7
21
19
22
7
21
17
24
5
17
5
21
23
9
7
8
23
15
11
17
13
16
6
18
18
6
13
13
5
5
24
22
20
23
18
12
12
9
10
11
14
15
15
6
22
24
14
23
14
6
16
20
5
20
7
23
7
12
6
18
11
15
5
17
15
5
19
5
8
10
22
7
11
22
16
22
9
6
24
15
23
11
13
11
9
21
21
19
24
8
7
11
16
23
10
23
9
23
13
16
14
23
11
20
11
22
16
10
8
20
18
12
19
6
6
11
23
14
16
5
16
16
6
10
23
16
5
17
13
21
18
5
20
17
15
21
15
10
14
17
23
5
23
16
20
16
7
10
22
19
10
6
17
11
13
22
19
14
13
11
24
10
12
12
13
6
13
22
6
16
16
19
14
22
20
9
6
7
20
22
22
5
5
9
23
21
18
15
18
6
19
24
22
11
20
18
5
17
18
17
13
19
12
20
22
14
11
19
8
15
20
22
10
11
20
11
23
5
22
13
10
8
14
5
6
17
14
17
7
19
17
16
7
18
11
20
9
17
6
16
7
22
20
18
20
17
20
24
12
20
20
8
21
18
22
10
20
10
21
7
17
19
10
7
9
7
20
15
12
16
17
10
10
11
20
15
11
16
15
24
23
19
11
13
22
14
11
6
13
19
22
7
18
18
13
20
14
20
17
14
11
23
14
21
18
6
24
7
23
23
19
6
8
16
10
18
21
20
18
6
17
12
6
5
6
11
11
5
15
18
8
24
23
20
11
19
14
14
19
24
8
7
19
7
14
24
6
17
22
11
22
10
23
21
22
9
13
18
14
18
23
9
22
13
10
13
7
13
15
9
7
21
6
23
20
22
18
23
15
13
16
7
7
17
23
6
9
12
23
16
9
13
19
9
14
17
9
14
22
22
24
21
18
21
5
15
17
20
7
17
9
22
17
17
14
20
15
15
10
24
20
24
9
19
10
18
10
