865
10
8
14
21
14
24
20
16
22
18
18
24
7
21
11
17
14
6
13
16
6
9
7
18
24
10
21
16
9
15
22
10
11
17
16
21
13
13
6
12
7
8
11
18
5
14
16
10
24
24
12
13
11
18
24
15
17
13
24
21
16
6
17
5
22
23
14
15
20
18
19
9
12
17
6
15
19
21
19
9
20
7
9
6
17
24
24
5
12
5
15
23
7
16
5
9
24
7
24
11
15
23
20
14
5
8
10
11
11
20
8
18
21
13
10
10
17
21
15
10
21
21
6
9
12
14
12
7
21
12
23
13
17
16
22
20
23
14
24
13
10
9
23
16
12
11
12
11
23
20
13
22
20
10
8
13
11
11
20
18
10
16
10
9
7
6
13
14
17
11
19
11
11
14
8
15
23
17
22
11
22
21
22
11
9
12
21
10
6
22
19
23
13
9
7
11
9
24
9
5
11
22
12
15
13
9
19
12
24
6
9
8
16
8
14
16
9
10
18
15
24
21
15
8
12
11
23
15
7
18
10
11
21
8
14
7
11
9
8
6
6
11
16
20
11
14
13
18
15
13
23
5
16
23
6
24
23
7
12
17
24
16
8
15
20
5
6
9
6
6
19
10
6
11
21
12
12
21
11
7
12
20
23
13
7
9
18
8
24
17
18
12
18
14
19
23
11
24
23
18
6
17
16
19
19
19
12
20
23
15
13
11
15
12
7
9
12
21
21
11
21
17
20
22
23
12
24
19
23
18
10
10
11
24
15
17
17
23
22
12
19
11
13
21
8
13
18
10
9
21
5
6
9
6
23
13
16
23
13
15
14
15
19
9
24
9
12
17
24
11
18
16
5
17
24
5
11
7
5
8
8
7
9
8
5
16
22
18
20
13
23
24
22
10
17
23
10
23
15
6
13
22
17
8
13
13
23
8
12
5
7
23
6
21
21
9
16
13
22
14
21
16
11
18
6
12
24
12
9
22
21
13
22
12
19
15
7
24
20
13
16
24
9
18
15
6
24
10
10
11
10
15
5
11
15
7
23
17
17
8
5
22
16
5
10
7
15
11
23
16
8
20
18
7
6
23
15
15
20
22
19
15
11
6
5
6
9
13
7
12
8
14
22
15
9
22
14
21
14
14
12
23
24
6
23
19
15
13
21
6
20
22
11
24
12
19
9
22
23
24
8
6
16
24
15
10
9
9
24
15
19
18
19
16
22
10
13
12
15
7
19
21
20
5
7
19
22
22
20
13
6
15
10
23
18
20
13
13
10
9
7
12
10
5
8
7
8
13
18
22
11
11
15
10
12
19
14
16
16
14
8
5
11
14
11
10
13
20
20
18
5
23
11
21
21
24
15
16
16
22
18
16
7
7
10
19
12
17
9
10
11
5
19
24
9
6
9
24
5
6
24
16
11
22
9
10
17
23
23
23
8
6
11
6
6
12
19
19
24
18
23
22
23
18
22
16
23
6
23
9
12
11
20
11
22
6
19
22
17
14
22
13
7
23
7
10
8
18
7
10
19
23
20
20
7
12
16
20
7
23
10
20
15
23
17
23
8
20
24
10
22
21
14
9
24
24
21
6
22
5
11
16
15
11
20
7
7
24
7
8
19
24
17
10
9
14
19
21
7
23
5
10
23
16
16
18
17
10
9
23
20
5
20
14
8
22
11
12
5
19
17
9
9
9
16
18
8
12
14
15
13
8
20
13
9
7
19
10
24
8
12
8
5
14
17
19
20
5
10
7
6
15
15
5
8
19
19
14
20
17
6
11
16
18
8
12
15
9
9
12
23
11
5
18
9
20
21
18
12
12
12
19
20
5
17
18
7
6
22
8
6
5
10
20
18
21
5
7
7
20
12
13
17
9
8
21
10
14
19
21
16
17
6
5
19
17
14
11
8
16
18
20
9
23
7
18
18
6
19
5
9
6
13
11
14
5
9
16
17
14
24
11
24
6
18
21
