980
10
18
6
18
5
7
19
10
20
19
24
23
6
14
8
14
19
12
22
10
8
24
12
7
22
14
7
10
24
7
18
6
16
12
13
10
23
17
11
7
22
9
19
21
6
12
12
7
12
8
16
20
18
17
23
13
22
8
10
17
17
7
6
7
20
7
23
11
15
11
21
8
6
5
14
14
12
7
20
13
8
16
14
22
24
12
6
6
14
14
9
20
18
14
18
23
13
20
14
18
7
8
14
9
16
19
8
17
17
22
7
19
11
14
20
7
17
5
18
8
22
13
14
16
7
19
9
9
23
22
16
10
17
17
21
9
11
7
16
23
8
14
5
11
24
20
14
11
9
11
10
16
22
7
12
16
20
11
9
23
13
20
12
15
12
18
19
6
20
13
20
11
9
23
24
20
5
17
5
7
20
7
14
14
10
6
14
5
22
17
10
24
8
12
9
22
17
18
16
14
23
14
19
21
8
12
17
17
16
9
23
6
19
17
20
18
21
9
18
10
24
18
9
15
8
6
21
19
11
18
11
11
12
8
17
18
18
14
14
8
18
8
5
16
21
20
9
8
8
24
19
15
15
14
14
10
9
8
23
20
18
17
24
19
10
5
14
9
14
17
15
23
10
23
23
22
14
5
12
23
15
20
21
21
17
13
16
23
6
15
22
15
22
21
24
7
23
16
17
11
21
8
11
7
18
8
17
7
7
8
18
17
18
11
8
12
12
18
19
7
17
20
12
16
12
24
11
19
9
9
8
19
9
16
7
13
16
5
20
16
22
12
14
5
8
11
8
14
20
18
12
10
16
10
24
22
19
6
24
15
5
24
22
17
16
9
7
19
5
9
22
20
14
18
21
22
11
23
9
21
23
24
23
20
15
9
18
13
23
5
15
11
14
5
19
14
5
22
6
14
24
24
8
20
24
17
22
5
9
23
19
17
7
13
19
5
20
9
10
6
9
22
6
11
6
13
15
17
9
20
8
22
7
22
19
10
14
11
23
19
10
23
6
9
7
13
21
21
5
18
16
16
19
12
22
11
7
15
14
23
22
23
10
6
16
23
21
9
22
17
16
6
16
19
18
21
23
11
12
12
16
9
8
11
23
17
13
6
22
10
12
7
6
14
19
16
12
12
8
14
15
6
18
19
9
23
7
22
8
12
17
6
19
12
6
24
5
18
19
14
7
16
21
9
5
18
16
7
15
16
18
16
22
24
21
18
15
20
5
19
13
12
15
6
10
21
22
11
11
11
7
9
5
16
18
18
9
14
13
14
13
10
5
8
21
8
8
19
16
21
8
24
22
7
15
6
15
23
24
18
15
19
14
9
10
7
17
5
24
23
5
23
21
20
11
12
15
13
11
17
24
13
16
6
24
16
24
16
16
10
16
12
24
23
16
16
24
23
15
23
9
5
13
20
16
10
18
11
20
17
19
14
9
15
17
13
5
7
23
17
14
14
6
10
15
18
19
19
24
10
12
15
5
16
24
6
18
14
20
18
13
17
24
17
13
12
8
15
12
22
15
9
17
11
6
6
11
21
10
22
9
7
24
21
10
15
6
5
19
13
23
16
17
24
5
13
9
21
19
22
10
23
17
13
13
18
16
24
16
20
7
21
13
10
12
18
18
19
8
17
11
16
6
14
8
8
23
12
17
23
15
14
16
14
13
11
17
6
20
22
6
7
22
20
6
15
10
9
13
15
14
6
5
6
8
11
6
10
9
24
17
24
8
6
7
5
14
15
6
22
10
10
22
9
16
7
9
14
7
11
17
5
23
8
10
18
15
11
12
13
12
14
16
6
11
18
23
10
24
11
12
12
11
24
22
22
9
9
22
19
12
7
8
22
8
15
6
18
14
15
13
14
19
14
19
12
14
7
14
9
12
14
11
23
13
19
13
24
16
24
5
15
23
9
5
9
13
11
9
6
8
6
17
17
11
16
10
18
23
16
18
12
10
20
11
8
9
15
20
17
21
14
5
24
21
6
12
8
16
11
14
8
19
9
13
10
7
8
5
8
20
22
22
13
5
24
23
17
15
17
21
22
6
13
15
12
19
6
6
20
20
9
22
14
14
7
12
8
8
22
8
15
15
8
18
12
18
12
20
20
24
24
15
10
12
11
11
6
23
19
18
12
15
15
13
10
9
20
6
11
18
6
14
13
6
18
19
10
8
6
14
8
6
13
18
18
13
21
21
7
11
11
20
9
21
18
11
10
16
21
19
