995
10
10
16
24
20
14
18
18
24
7
17
15
7
7
23
10
18
20
20
20
15
22
20
8
13
16
15
15
21
9
16
23
7
20
21
5
11
13
23
15
18
15
22
23
8
18
13
6
8
14
20
24
21
14
10
5
21
16
5
11
12
14
16
18
6
18
5
18
24
11
14
8
21
19
15
23
22
17
9
10
22
16
13
11
8
11
19
7
13
9
14
9
5
5
22
10
22
18
21
23
17
24
18
17
22
22
20
9
12
21
8
5
22
15
15
7
8
18
19
17
9
16
8
7
17
14
7
20
15
5
19
20
6
13
24
15
10
13
17
24
10
9
18
24
24
23
23
22
14
21
8
5
12
16
13
12
15
14
14
18
13
6
21
17
6
9
24
14
23
12
15
7
17
9
22
22
22
12
8
18
5
10
8
15
12
23
13
11
11
20
13
8
7
7
22
14
17
24
13
9
6
7
13
16
24
18
21
17
19
21
21
13
13
5
15
8
11
15
10
10
14
8
8
13
7
22
14
23
20
22
24
13
11
10
18
18
8
19
6
9
10
19
8
6
15
8
7
15
11
5
21
20
8
11
9
14
24
24
21
16
18
24
5
17
10
12
24
21
8
16
14
11
9
22
13
16
18
13
14
5
6
9
11
9
23
15
18
10
17
9
19
18
15
9
7
17
15
14
11
9
16
13
9
19
14
14
6
9
19
11
8
14
22
14
23
9
9
22
15
6
19
9
16
19
20
17
23
19
17
20
9
5
5
7
23
12
19
22
24
20
17
6
23
17
13
5
12
20
6
20
10
21
19
23
13
24
24
20
5
21
18
18
19
19
14
5
11
6
6
15
24
21
21
11
17
10
8
11
16
13
5
19
5
24
19
12
9
9
12
15
12
15
21
19
14
6
20
7
6
18
12
22
13
19
5
13
22
6
15
5
23
22
18
17
24
10
20
12
23
11
19
17
13
10
21
17
21
18
6
14
23
12
9
16
23
24
24
24
19
5
14
6
23
22
10
17
13
8
22
7
17
20
14
19
24
21
23
6
24
23
9
8
23
23
17
20
6
7
7
17
16
14
16
8
14
9
24
24
6
9
9
8
11
14
20
11
12
5
24
15
23
5
20
16
10
24
24
20
22
20
9
23
13
10
19
13
18
23
21
8
23
6
21
13
11
23
21
11
22
21
10
7
18
12
15
19
19
10
14
6
12
23
15
10
17
8
14
15
17
16
8
11
9
15
21
12
14
20
6
14
17
10
18
24
5
16
19
19
15
10
6
16
10
8
19
10
13
17
20
7
18
21
5
21
24
7
19
22
13
10
10
21
10
8
24
24
21
17
23
7
10
15
14
14
22
19
20
20
24
8
19
16
5
8
9
20
24
14
17
18
23
11
5
15
9
10
24
12
21
20
11
7
20
18
24
6
7
16
7
19
12
22
5
15
22
14
15
18
16
5
13
22
20
13
12
16
22
5
17
12
21
23
8
11
24
18
6
22
17
19
23
15
14
22
11
9
10
7
12
10
21
8
13
20
16
22
15
8
12
12
13
11
5
19
17
16
6
24
6
15
20
20
5
8
21
21
17
23
20
7
11
5
22
10
22
17
7
16
8
8
20
11
11
10
21
16
7
13
8
7
5
9
8
19
16
11
11
11
19
16
23
6
8
9
5
24
9
17
14
18
10
23
9
23
22
21
17
10
5
6
8
12
15
16
6
8
20
7
17
10
17
15
9
21
24
16
20
13
8
23
11
15
14
9
20
20
20
20
6
18
8
8
18
7
20
11
12
19
6
16
6
17
23
7
9
22
19
18
15
14
12
12
16
21
22
10
17
13
11
15
18
18
7
10
20
11
20
15
16
21
5
7
7
14
13
21
24
10
19
21
19
10
5
9
20
15
9
7
16
11
16
21
23
23
6
24
12
8
23
24
17
20
10
23
24
17
7
17
12
14
18
11
8
6
18
11
7
17
8
15
20
5
11
12
12
18
22
15
22
19
13
14
15
17
24
8
9
8
12
22
10
20
20
15
13
21
5
9
5
18
18
10
18
20
24
22
5
21
14
9
12
12
13
21
11
24
11
10
13
16
18
6
11
22
24
21
16
16
17
14
22
24
24
5
17
20
7
11
23
22
19
24
12
22
13
12
23
10
16
10
17
23
15
7
14
6
22
22
18
18
5
9
19
22
21
19
10
11
12
9
8
23
24
16
6
14
23
16
5
21
22
11
12
9
16
22
15
18
23
21
14
24
14
11
11
12
