930
10
19
24
24
20
15
22
8
21
14
16
11
8
13
9
18
9
13
19
14
14
6
11
16
8
13
23
20
17
12
13
23
24
23
19
10
8
16
23
20
6
12
6
19
17
21
20
18
7
21
8
7
22
5
23
7
24
16
6
16
21
7
21
8
20
21
10
11
13
19
15
19
10
17
14
12
12
17
7
20
21
6
15
13
12
14
20
9
14
20
12
7
20
20
12
15
18
9
10
12
19
14
15
15
18
14
15
6
17
21
18
22
24
19
5
21
22
7
22
12
13
14
22
24
12
20
17
22
6
16
15
5
21
11
9
15
17
22
14
15
8
9
22
18
11
24
10
15
18
5
14
5
5
9
7
24
19
13
24
23
13
21
24
13
12
23
19
15
23
21
15
18
8
12
17
6
18
22
5
14
6
16
23
21
22
5
16
6
18
23
13
8
18
24
11
16
5
22
20
19
17
7
13
21
15
23
9
24
10
12
23
19
16
8
21
18
5
11
5
7
5
12
24
11
9
13
13
7
6
15
20
11
10
17
9
24
23
18
13
14
6
22
8
9
13
9
24
10
14
22
13
22
20
18
6
14
7
17
9
5
8
20
23
7
7
18
23
20
6
9
9
18
23
20
11
21
17
22
16
19
8
6
17
8
23
6
5
16
12
15
17
12
19
19
13
7
19
18
6
17
6
15
21
7
24
11
21
14
8
16
13
15
11
23
5
12
10
8
15
12
22
24
21
21
15
5
19
11
14
6
11
22
13
5
22
20
13
18
9
9
6
7
12
24
8
22
12
11
21
16
7
24
7
6
11
6
16
14
23
15
5
5
18
19
5
7
10
19
23
21
21
9
19
22
20
12
18
22
11
8
23
17
9
19
11
11
13
7
18
13
15
23
11
15
6
6
15
9
19
15
13
9
22
11
19
23
21
13
9
11
14
16
18
24
22
8
5
14
16
7
8
19
10
19
17
12
8
8
11
7
8
24
12
5
23
11
17
12
15
9
22
18
16
23
12
9
24
21
5
24
15
11
8
16
8
19
18
5
8
19
5
24
5
5
19
21
22
16
23
14
22
23
16
22
14
8
7
12
5
9
12
8
23
22
20
16
21
12
19
13
17
19
9
21
10
20
15
17
16
6
23
8
18
18
16
23
8
11
17
21
23
8
17
6
20
13
6
11
6
16
15
16
12
19
14
18
19
24
22
6
16
14
18
12
19
8
13
21
21
13
23
7
20
22
17
18
21
11
24
8
5
20
22
6
5
24
14
19
17
13
7
7
16
16
21
20
22
8
24
21
10
10
5
19
23
19
19
5
15
13
23
12
20
16
9
8
19
10
19
19
14
15
23
16
9
23
6
5
22
10
15
14
15
5
23
9
12
14
11
21
17
14
11
15
10
5
7
9
11
19
23
16
16
10
20
5
22
19
6
19
15
18
13
16
19
10
13
24
12
13
18
5
17
15
8
9
15
13
16
22
9
6
8
16
6
14
22
15
17
5
17
10
17
11
23
7
15
14
15
6
17
11
11
10
5
7
14
22
7
21
5
21
12
21
23
12
20
23
8
21
15
13
11
17
16
7
12
12
18
21
13
21
17
8
19
18
5
19
9
21
15
18
21
20
5
24
9
11
22
21
22
20
15
14
19
5
17
17
13
6
9
18
22
6
23
21
13
24
7
19
5
23
21
18
9
18
19
16
20
7
13
20
13
14
6
21
15
22
22
21
16
10
20
22
12
5
7
8
21
12
8
10
21
20
11
7
24
20
19
13
17
14
11
20
24
5
20
13
22
20
21
15
16
14
11
20
9
17
13
18
16
23
19
8
23
11
19
23
7
13
17
10
12
13
22
5
7
17
12
19
23
22
17
23
14
24
9
9
18
8
21
7
5
23
6
22
9
14
23
20
9
13
21
11
12
23
17
11
11
20
15
22
7
10
22
21
13
23
23
5
12
20
20
11
17
19
22
24
20
23
19
12
10
16
18
21
7
18
8
23
24
24
5
23
19
22
8
13
10
24
16
18
17
10
12
6
15
12
7
21
9
15
9
13
11
23
17
12
20
24
7
23
12
12
5
22
13
15
15
23
24
9
22
11
18
10
11
21
15
8
16
