965
10
10
9
17
16
14
15
5
10
6
6
6
24
24
9
10
5
9
13
14
11
10
9
15
14
20
23
21
22
14
11
22
6
11
13
20
22
7
17
9
5
14
7
20
16
24
5
8
8
21
19
13
19
21
14
15
18
12
21
11
18
20
12
13
13
23
6
16
24
13
14
14
16
15
14
16
17
22
17
22
7
19
20
23
20
6
12
23
8
8
18
10
13
13
19
10
10
20
23
17
10
7
18
13
9
21
7
6
8
8
13
10
15
23
10
8
20
6
7
14
14
14
14
12
8
6
20
18
16
8
24
12
5
21
8
5
17
20
20
14
8
24
24
16
10
21
19
24
23
24
6
20
17
6
14
19
14
6
19
7
9
12
6
7
24
7
21
19
24
8
6
8
21
21
15
13
9
8
18
8
24
19
22
23
9
22
8
18
12
21
19
13
15
8
11
19
16
6
9
15
6
16
10
12
8
15
5
16
23
9
11
14
19
14
14
16
14
12
14
12
5
16
13
11
16
20
9
21
12
24
15
8
15
22
11
18
20
7
11
18
18
8
6
19
16
14
11
18
24
5
7
23
17
5
12
18
6
15
11
19
12
24
20
10
7
16
21
7
10
12
9
19
9
17
24
8
9
9
21
18
15
21
11
6
5
22
21
5
18
7
13
22
21
23
24
18
10
14
8
9
21
6
22
22
7
16
19
19
11
22
8
7
10
24
10
17
24
15
20
5
8
10
15
15
6
23
22
12
19
10
8
17
13
5
8
16
22
16
9
6
20
22
19
19
11
17
13
19
7
10
12
10
12
24
9
16
11
19
11
7
12
14
22
16
15
22
20
16
16
22
21
15
23
23
18
14
12
10
6
6
17
9
18
22
18
15
23
11
21
7
23
12
7
11
24
8
14
8
21
18
7
6
15
8
5
15
7
13
7
5
15
17
6
11
22
20
17
5
6
10
20
16
5
10
18
21
20
18
7
7
21
19
5
8
15
11
13
5
16
7
6
10
11
20
23
13
11
6
19
15
17
7
15
13
14
18
11
24
9
7
21
20
17
7
7
8
13
22
11
22
6
17
18
23
22
7
19
17
18
8
19
21
20
8
22
6
6
15
19
7
11
9
16
6
24
5
5
13
14
7
12
21
24
7
7
22
8
14
23
21
19
11
24
15
11
15
17
7
16
6
10
8
10
18
17
21
7
14
15
24
17
12
20
18
11
16
13
12
5
9
6
5
6
23
11
8
6
15
5
21
17
18
8
9
19
24
23
5
22
22
21
21
5
8
17
13
15
16
24
21
18
16
16
15
14
23
21
18
5
23
18
23
12
24
17
11
12
9
7
23
24
7
18
15
8
14
13
15
7
8
16
21
21
19
6
21
23
19
12
11
17
17
11
17
14
15
5
21
7
7
16
18
14
8
8
20
17
8
16
7
24
20
9
23
12
14
23
14
11
13
17
23
17
24
8
24
11
12
11
13
15
12
6
14
16
11
22
14
5
13
13
13
10
15
15
21
14
21
12
10
12
22
16
24
24
7
10
15
15
22
21
5
8
19
6
20
13
16
15
10
14
16
20
17
16
18
5
9
7
24
20
14
18
12
21
16
20
16
12
10
13
22
22
10
18
11
8
6
6
8
20
8
10
19
10
12
7
8
9
20
15
24
19
21
22
7
20
12
17
10
10
5
6
12
5
23
21
6
10
18
10
11
10
11
23
21
18
21
15
14
17
9
23
11
10
7
24
14
16
20
9
13
13
21
21
11
23
14
6
11
18
12
15
16
19
9
19
14
9
16
19
7
14
14
21
14
9
21
20
22
7
20
21
9
24
13
16
23
24
13
11
22
16
15
7
15
16
24
17
6
22
22
16
16
16
5
15
21
14
18
17
7
8
16
14
6
12
13
24
21
21
21
18
22
23
6
22
13
13
20
14
13
5
22
14
16
8
23
12
17
23
10
12
19
6
19
19
12
24
22
8
17
16
14
10
5
11
12
10
10
14
23
8
19
19
12
8
20
15
19
24
8
20
17
17
21
14
14
12
19
20
6
22
22
6
16
11
22
21
10
16
17
18
20
20
24
23
5
19
24
20
11
11
7
16
24
19
19
21
13
17
19
5
15
7
9
22
22
14
5
8
22
19
19
19
10
15
8
22
11
11
19
6
21
13
23
15
22
7
13
13
19
18
20
11
17
