955
10
18
16
14
24
12
10
6
19
13
17
19
14
13
12
18
7
21
18
9
20
18
14
18
12
19
23
23
8
23
22
13
9
19
9
20
14
18
7
17
21
20
5
15
7
8
22
20
14
23
14
11
18
9
18
18
19
20
7
6
19
19
8
21
12
16
24
13
13
23
13
11
14
23
16
14
21
16
21
5
5
23
22
13
23
5
11
11
12
14
18
23
14
23
22
17
12
16
22
5
17
8
20
12
19
22
7
17
17
16
6
14
24
19
10
11
14
15
16
5
9
23
9
13
16
9
8
8
19
14
6
10
21
24
20
20
6
9
24
23
11
13
5
23
20
9
15
13
12
22
12
8
24
18
18
23
22
13
21
8
20
16
20
10
22
19
12
10
9
16
10
8
18
14
6
24
15
12
8
19
5
7
15
11
8
10
5
12
20
8
15
19
8
5
21
21
8
18
14
11
7
20
22
12
19
19
13
21
11
12
6
14
17
6
20
19
5
13
13
5
13
21
20
11
5
5
17
9
18
9
9
23
16
7
10
20
10
14
6
5
7
8
24
21
7
10
21
24
11
6
6
24
10
5
10
12
13
7
18
16
5
7
20
10
20
18
18
23
22
12
5
17
15
22
19
5
8
15
8
22
22
12
5
8
22
12
7
16
14
5
7
9
17
5
24
24
12
5
5
9
16
8
6
9
16
13
17
20
23
22
7
16
23
9
5
10
15
21
20
5
22
18
9
16
13
14
14
20
14
24
23
10
16
11
16
9
16
13
9
8
21
11
20
24
20
24
18
12
15
16
17
24
16
22
6
10
14
11
20
19
24
12
21
19
17
24
9
12
17
18
12
5
14
13
8
20
19
9
13
8
6
22
14
5
13
13
10
22
16
8
15
13
9
7
14
11
24
13
7
8
22
8
20
5
22
16
19
9
11
23
9
21
9
15
11
12
11
7
23
24
10
15
7
14
13
18
14
19
9
18
24
19
7
19
13
6
16
5
21
18
20
20
11
16
12
6
20
8
11
24
24
16
17
7
24
10
20
14
14
21
11
16
18
5
20
7
14
7
13
12
18
9
14
11
18
24
11
12
9
23
22
20
10
23
5
22
6
16
6
9
6
7
15
10
10
12
13
12
15
20
24
16
14
12
6
24
7
21
21
12
13
19
15
19
7
16
13
12
12
13
24
13
8
24
12
21
20
14
18
10
5
6
10
10
12
24
22
11
21
19
11
23
14
20
6
5
11
19
18
14
24
9
8
12
10
21
8
5
24
21
16
13
23
20
11
5
18
5
16
24
20
19
5
12
10
24
23
22
20
5
19
12
8
12
8
16
8
9
16
13
22
15
22
5
13
18
18
6
18
10
19
15
21
24
14
24
10
13
22
18
5
5
10
5
10
17
11
7
21
16
7
17
18
12
8
14
20
17
16
8
10
12
7
16
7
14
19
18
23
16
12
6
11
19
17
5
12
17
13
19
17
22
23
23
16
14
6
21
12
16
9
12
24
12
24
7
7
21
15
15
19
5
15
20
12
15
24
18
15
24
15
10
13
12
13
20
23
19
24
12
11
11
8
14
21
15
19
20
15
14
19
22
19
12
21
17
24
6
20
21
24
6
23
18
16
9
24
10
21
8
10
20
24
22
18
21
21
16
18
7
10
8
23
24
15
24
21
17
22
11
17
8
9
6
11
6
19
21
10
17
24
17
21
5
24
14
23
17
24
13
19
13
6
23
18
9
19
7
15
21
18
18
11
11
11
18
9
13
9
20
16
16
17
6
23
24
13
5
18
19
14
12
17
20
19
20
10
20
10
11
7
11
20
12
9
21
13
8
11
5
10
19
9
12
17
10
22
19
22
18
12
7
15
19
20
17
21
10
24
5
10
5
6
8
21
24
16
15
13
21
20
9
7
17
23
24
6
14
5
23
8
22
17
20
11
10
24
20
5
17
15
13
10
8
18
5
13
18
15
16
6
24
24
8
19
18
7
17
21
14
16
9
14
7
16
10
13
11
21
10
15
21
21
8
21
21
13
8
7
6
19
17
20
11
16
16
11
11
24
19
6
10
7
11
5
20
10
10
19
20
23
17
6
7
19
13
13
9
6
23
7
17
12
14
14
12
18
12
22
7
23
24
13
22
11
23
20
9
19
8
19
6
19
18
22
14
