915
10
19
20
6
14
18
21
20
22
11
19
15
24
5
23
14
11
19
18
12
13
12
11
14
8
20
21
19
21
15
14
7
6
17
12
16
21
9
17
8
15
10
6
12
7
16
12
5
23
19
6
14
9
24
23
18
7
21
13
24
9
14
8
21
13
9
21
9
17
22
23
18
13
18
19
10
24
10
8
15
21
21
9
22
23
10
24
22
21
7
17
19
17
16
11
16
15
20
24
13
6
7
11
5
12
13
11
23
15
22
7
16
9
15
16
7
24
20
8
13
23
16
17
8
24
11
23
7
14
18
20
11
12
6
21
9
5
19
17
13
7
20
9
19
24
13
7
16
7
9
13
8
8
13
6
23
15
9
21
22
5
7
6
21
6
10
13
7
19
9
18
22
10
12
6
24
20
20
13
23
10
13
17
5
24
21
12
20
9
24
23
10
9
14
21
17
22
7
7
22
22
23
21
23
10
11
7
11
8
20
10
18
15
24
6
7
15
6
14
15
8
19
22
18
13
23
6
12
22
17
11
19
23
9
19
8
8
12
22
9
17
13
20
10
11
6
6
12
6
17
8
11
6
14
10
7
21
16
12
15
7
5
5
20
12
22
11
22
8
10
20
6
5
22
20
11
14
15
23
16
12
17
20
10
16
14
19
24
13
23
12
8
20
9
9
12
23
23
6
14
17
15
9
13
23
16
8
6
7
8
24
11
13
20
19
14
6
13
22
18
10
16
18
8
11
23
7
17
16
19
8
11
12
10
6
10
19
22
12
20
12
12
12
14
17
15
24
12
24
21
21
8
11
9
17
15
18
6
15
19
9
11
16
8
21
12
9
14
17
10
19
8
11
15
9
17
21
17
8
17
17
13
21
14
24
16
9
8
14
6
18
22
20
11
6
21
12
11
7
8
14
5
18
5
13
13
22
14
12
8
14
23
14
9
23
21
5
21
23
21
7
7
18
7
24
10
19
5
13
8
17
24
17
10
16
7
17
18
23
24
6
13
11
15
7
5
9
16
19
22
11
21
16
5
8
10
6
21
19
18
11
8
9
11
23
7
14
21
13
14
7
24
16
15
14
21
16
13
5
16
5
9
12
15
19
12
9
6
5
20
21
18
23
22
5
8
18
13
24
21
23
18
16
24
13
15
5
17
21
10
13
8
15
6
6
17
6
9
15
15
5
23
10
18
9
10
23
20
24
19
5
5
12
24
9
16
21
9
8
6
17
10
19
24
10
10
23
9
6
23
15
21
22
5
9
15
9
24
5
18
5
22
17
19
24
6
6
6
24
8
16
10
13
19
17
21
17
5
20
16
6
22
10
17
24
18
14
11
18
17
17
19
11
22
5
5
22
23
7
9
19
5
5
20
13
8
21
18
24
7
12
10
8
6
10
19
8
24
19
7
14
15
9
10
12
6
20
16
8
11
24
22
17
24
18
7
13
9
17
12
23
19
12
20
10
19
21
22
17
13
17
23
19
12
15
23
7
16
16
12
24
11
21
15
22
12
11
20
24
14
23
6
15
6
11
8
5
21
21
6
12
9
19
23
10
22
5
23
12
17
6
17
19
13
22
24
15
18
13
20
15
11
6
24
15
8
6
6
17
13
20
20
11
18
19
6
6
11
14
13
16
20
16
19
8
19
15
24
23
14
20
5
10
21
21
11
23
12
12
8
6
18
12
19
12
22
21
14
21
7
13
21
18
15
10
13
5
12
8
23
6
15
23
24
9
15
18
18
12
23
15
5
15
23
15
23
15
17
10
5
13
24
20
16
18
18
19
9
24
20
5
22
12
6
15
9
24
12
8
22
17
20
23
24
17
14
16
9
6
5
21
17
19
11
10
22
9
23
8
22
14
19
6
24
22
11
7
20
14
6
11
14
10
16
17
11
20
7
22
20
19
24
11
20
19
13
7
13
17
20
12
15
23
13
16
13
15
17
7
13
16
9
11
22
23
23
9
16
16
24
11
13
17
22
8
12
12
21
23
23
8
9
16
9
23
10
17
18
15
21
13
23
6
11
11
15
5
9
18
5
16
18
22
19
24
17
15
19
7
10
18
16
10
24
23
21
