985
10
23
13
8
7
5
8
11
16
24
13
24
17
12
21
8
22
10
13
20
8
6
12
21
19
18
23
20
5
16
16
18
13
7
23
21
20
15
24
19
10
11
17
12
7
9
11
12
16
13
12
6
16
18
12
12
23
14
10
8
22
17
15
12
18
14
17
14
20
10
9
6
10
14
19
6
19
11
23
9
13
5
18
23
24
13
16
21
8
9
8
8
20
14
22
13
17
16
15
5
5
7
12
10
5
17
10
22
19
5
18
14
22
10
10
12
12
16
22
16
6
9
22
21
18
24
9
20
6
13
19
16
13
5
20
21
23
23
24
8
14
20
19
8
15
16
14
8
12
7
17
12
8
15
16
22
22
18
5
10
12
5
15
9
19
16
13
7
22
18
23
20
20
18
14
15
19
6
20
23
9
24
14
22
23
15
18
10
19
17
12
6
15
11
21
11
6
17
24
6
9
12
8
19
20
14
16
22
23
10
5
21
13
13
19
6
22
17
23
23
21
8
24
22
24
5
18
14
8
7
15
20
10
23
15
19
16
5
7
10
10
14
17
22
9
18
19
7
10
9
20
13
16
20
13
19
10
5
5
11
16
11
24
13
9
5
19
6
15
10
17
19
21
8
8
14
21
10
6
22
18
22
13
18
23
11
10
20
18
20
13
12
5
12
19
11
19
7
22
11
9
22
10
8
19
10
13
14
21
13
12
18
19
14
22
11
8
20
23
19
12
15
13
11
5
7
15
8
16
9
14
6
10
20
16
22
21
17
13
9
6
24
10
21
8
7
14
21
22
24
8
17
19
24
14
14
23
15
19
8
11
23
12
23
6
12
13
13
14
21
24
11
6
10
7
13
18
23
6
15
17
10
17
17
8
24
12
11
19
12
18
12
13
5
23
6
9
15
16
8
23
22
18
12
14
11
24
10
24
20
7
13
9
11
7
16
10
15
14
13
17
11
5
8
13
19
5
24
19
12
22
20
24
16
18
24
7
20
15
17
15
16
22
15
18
21
9
14
5
13
10
13
9
15
22
24
7
17
8
20
12
24
10
21
24
11
14
23
15
8
22
18
22
5
6
5
24
11
12
19
15
13
6
21
7
12
20
7
21
18
21
17
16
10
24
6
15
11
8
18
24
8
12
13
22
12
17
7
15
10
18
18
21
21
15
11
15
7
11
6
8
16
24
5
19
22
24
24
6
15
13
19
20
7
18
13
23
5
13
22
23
17
21
11
10
20
9
17
5
7
8
24
11
13
20
12
21
5
22
11
5
21
8
8
13
14
7
7
24
8
20
13
17
21
24
8
7
9
15
17
5
5
18
7
7
22
7
8
22
10
11
14
19
11
15
16
17
16
11
18
14
16
14
12
7
20
8
7
11
5
7
14
15
24
13
12
7
24
11
10
10
22
22
6
16
18
8
11
14
13
10
11
12
11
13
7
6
9
20
21
20
21
19
13
19
13
10
22
5
13
13
11
10
8
24
14
21
15
8
9
18
18
17
18
22
12
11
10
18
18
16
21
10
7
16
12
13
15
23
15
13
22
16
18
12
20
8
19
10
20
11
19
11
14
22
7
10
14
13
21
15
15
8
12
22
12
17
20
5
6
14
16
12
23
22
11
17
7
18
13
22
10
12
7
24
18
20
9
5
7
19
13
6
16
13
6
19
24
24
22
19
15
11
16
9
8
9
14
21
12
14
12
18
21
8
19
12
17
24
13
21
21
9
24
21
22
10
14
18
23
7
21
7
5
8
20
17
16
18
7
17
8
20
7
17
5
24
10
9
23
16
6
18
21
18
16
5
17
23
5
15
13
15
21
10
13
19
20
20
17
9
22
11
10
9
15
20
5
17
20
14
5
19
5
15
7
15
12
23
7
20
23
21
5
20
22
14
6
7
16
17
22
22
12
13
11
16
11
22
7
10
13
18
22
17
18
21
7
12
12
5
18
18
23
9
17
5
20
16
20
9
23
17
18
16
20
9
13
18
20
20
6
22
14
11
15
11
20
24
13
21
24
5
14
20
22
14
20
24
16
24
12
7
14
19
15
16
5
16
11
5
6
18
9
20
9
8
23
16
17
19
21
14
5
21
18
14
16
24
21
11
12
15
21
19
20
11
11
18
17
15
18
15
9
18
14
21
8
13
6
24
22
18
11
10
21
11
10
21
20
16
9
7
18
19
20
9
10
23
23
14
16
5
9
23
16
11
19
13
14
14
21
11
6
22
22
