990
10
23
11
11
19
8
24
15
10
5
7
16
19
9
24
9
7
15
17
15
9
21
20
7
23
12
15
12
16
23
19
6
14
9
16
8
18
9
12
16
21
11
23
17
22
12
18
10
23
5
23
6
11
8
12
12
17
24
10
17
22
15
6
20
9
19
6
18
20
19
9
12
11
9
8
11
21
13
6
15
15
11
5
24
5
18
15
9
20
17
20
6
6
7
8
5
5
8
17
13
23
6
7
21
24
10
8
8
10
13
5
17
17
7
10
17
11
23
6
13
23
23
21
11
18
24
11
9
23
19
20
10
12
15
11
24
15
11
5
15
19
11
5
16
8
23
9
22
9
20
12
22
19
8
23
17
12
5
19
24
11
18
16
8
20
9
12
12
12
9
24
16
10
12
12
8
14
21
23
22
6
9
21
5
15
11
24
6
22
6
14
21
20
15
17
6
9
5
14
11
5
6
17
23
17
19
21
8
7
19
8
8
16
21
17
17
24
16
17
24
6
16
6
9
7
23
15
22
17
14
6
5
7
23
7
8
14
12
21
20
24
6
19
18
22
20
21
23
6
18
6
22
18
18
6
12
7
18
5
19
10
20
19
8
9
12
11
12
7
16
11
14
5
10
6
19
16
10
12
15
20
7
23
24
16
9
15
13
9
17
9
5
6
16
13
22
16
9
5
9
6
15
23
20
21
23
15
16
6
16
22
24
18
9
19
22
11
20
19
17
16
13
5
17
7
22
20
24
11
10
17
21
5
23
21
7
16
13
19
15
16
22
12
23
10
13
12
21
10
11
12
16
21
17
17
5
7
20
9
13
8
7
11
19
19
15
18
10
11
24
9
14
6
19
13
8
21
8
24
11
7
7
10
17
19
24
7
19
20
24
15
18
11
19
14
23
23
12
5
6
6
8
7
20
20
7
21
10
13
12
15
6
21
23
11
9
15
22
17
10
20
10
10
19
17
12
20
6
23
12
22
11
16
9
23
5
15
15
20
18
18
18
7
13
7
16
5
11
21
22
20
18
17
5
11
23
9
16
10
6
10
14
9
24
22
6
22
13
17
14
15
12
11
14
6
20
11
13
7
24
12
18
12
7
5
13
5
7
16
17
23
13
16
19
23
6
11
21
12
24
15
12
21
15
21
11
10
15
24
7
10
24
8
8
9
5
11
15
8
22
18
21
22
9
9
18
23
21
24
20
21
14
17
14
6
12
11
19
12
6
18
9
20
11
18
18
15
9
15
10
24
22
6
13
14
20
13
16
13
20
20
24
8
20
23
23
14
18
10
5
15
22
21
15
11
24
6
14
9
6
20
6
18
5
8
5
20
21
15
16
6
20
12
9
22
9
22
8
10
11
21
24
22
5
9
5
18
20
15
17
24
23
8
24
5
7
13
17
20
16
13
18
9
9
23
7
11
20
16
12
13
13
21
22
20
21
18
13
18
22
9
23
8
22
10
19
5
6
17
13
18
10
18
11
6
14
18
22
19
15
14
20
8
8
21
5
22
5
8
20
10
23
6
24
12
18
14
20
22
7
23
13
5
21
18
18
10
24
9
6
13
14
9
15
9
17
18
14
12
9
15
16
10
7
7
12
6
24
12
14
13
9
16
12
6
11
9
12
11
19
22
7
23
7
11
17
6
12
20
21
17
5
15
16
14
5
18
23
8
18
20
18
5
10
11
24
21
11
19
20
23
18
24
21
19
7
22
23
22
9
22
6
15
10
8
5
7
6
15
16
11
6
10
15
15
7
9
23
22
21
9
18
14
18
21
7
10
7
24
24
14
7
12
13
12
22
10
6
24
22
13
5
7
18
6
5
17
16
5
23
9
9
17
23
6
18
9
15
15
22
23
24
21
19
23
22
13
11
9
24
13
21
5
20
15
24
20
13
21
24
8
10
17
19
20
22
9
23
10
11
16
8
17
16
11
20
23
17
14
20
17
17
15
22
7
15
21
7
8
22
18
8
9
13
23
24
18
8
18
13
13
13
23
17
12
20
24
24
15
22
22
5
22
16
12
5
5
16
15
23
14
12
13
19
5
21
23
18
11
24
18
20
20
23
17
13
18
18
9
12
24
16
7
10
13
15
10
24
18
12
14
5
22
20
9
22
23
24
17
23
23
18
19
23
15
6
6
9
17
17
13
7
17
17
11
7
16
18
13
21
12
23
9
19
24
18
6
13
12
7
24
6
19
7
19
19
21
10
5
23
20
10
24
15
11
11
22
13
20
5
15
