940
10
5
20
23
17
24
24
5
24
24
10
17
13
12
13
5
12
12
8
5
8
20
7
23
8
20
18
11
21
6
5
14
7
22
10
17
19
5
19
8
11
5
23
12
23
20
8
22
11
8
11
6
16
24
23
21
12
14
5
15
18
13
18
12
12
21
19
22
15
5
21
8
10
14
17
11
7
15
19
22
7
16
11
19
9
23
17
17
17
17
18
17
23
15
20
10
23
7
7
17
22
11
7
10
15
9
22
12
14
18
11
8
10
20
12
13
10
8
13
12
15
10
5
24
6
14
6
20
8
15
11
18
18
17
21
24
14
11
24
10
17
12
15
19
17
21
19
11
7
24
5
22
6
15
19
8
14
11
14
10
22
21
13
6
17
24
10
15
13
17
22
6
16
7
15
21
24
13
10
14
21
23
8
7
21
6
18
14
19
5
20
20
7
5
22
13
14
20
15
7
6
10
19
14
5
20
21
20
7
10
18
9
11
8
16
7
5
22
11
5
22
18
9
14
13
15
15
9
22
24
7
16
18
21
21
22
10
18
22
21
17
19
12
8
13
24
21
10
10
11
18
10
14
19
9
24
9
7
14
20
16
21
23
9
5
24
7
8
6
6
17
8
7
8
14
16
19
15
16
12
12
13
15
20
11
11
11
17
18
18
12
6
20
14
22
20
11
11
5
22
13
16
16
21
17
17
6
20
10
20
21
12
15
20
11
23
9
19
11
15
14
19
18
10
6
16
17
20
11
24
18
24
24
19
15
16
7
10
18
17
17
12
15
16
14
13
20
24
9
19
19
24
19
18
18
24
23
7
20
8
7
5
8
21
5
5
7
13
13
24
15
6
16
23
23
6
14
18
19
10
6
10
16
17
18
15
14
21
10
18
5
17
21
12
18
14
7
15
23
12
18
21
18
11
8
12
12
20
15
9
13
10
24
22
8
23
22
22
12
12
7
18
23
24
17
23
24
9
23
8
8
8
15
19
6
17
16
16
11
20
21
17
8
15
20
12
15
12
17
19
14
9
23
7
20
19
13
17
18
9
11
6
10
11
12
5
6
23
8
7
19
7
15
22
6
17
21
23
12
21
17
23
23
21
20
9
20
11
15
6
24
11
6
13
12
16
9
19
16
10
8
8
9
17
22
8
17
5
15
9
8
14
19
12
14
7
17
23
16
24
12
19
22
5
16
19
18
18
5
5
18
21
17
16
20
6
18
12
7
10
14
6
18
23
11
16
21
24
7
17
16
22
20
14
24
19
6
6
21
14
13
19
18
20
18
22
9
18
15
24
18
9
15
8
23
23
17
6
18
15
23
21
15
5
23
17
14
20
22
18
13
16
9
6
23
24
19
19
15
21
17
22
8
17
17
21
15
16
8
22
23
21
14
17
18
21
13
18
24
16
6
13
13
12
5
21
8
24
17
7
23
19
23
5
24
6
16
17
21
20
13
24
19
9
24
10
16
21
17
19
10
11
18
13
22
14
21
12
7
13
7
14
17
23
22
21
5
17
21
6
21
5
16
13
6
11
11
23
18
15
20
19
17
7
21
10
11
14
20
15
19
6
17
23
15
15
10
10
21
10
22
6
12
5
13
15
12
12
13
21
19
9
10
11
19
5
14
14
9
8
19
22
20
19
7
7
20
21
15
12
19
19
5
5
21
6
8
16
16
7
17
8
20
9
14
13
21
23
20
15
19
8
18
5
18
17
22
9
6
14
24
16
10
14
18
20
17
14
24
7
20
13
11
15
8
9
14
23
23
12
24
9
10
5
21
12
21
20
21
6
14
23
11
12
8
7
15
19
8
18
14
8
15
9
24
7
8
18
16
15
13
17
20
18
5
5
19
8
9
18
12
18
11
18
22
6
8
9
18
10
9
18
18
19
21
7
15
11
23
12
17
11
24
5
19
15
13
10
18
24
9
5
24
13
5
12
10
21
6
16
15
8
5
22
19
13
10
16
20
21
18
19
5
18
10
9
21
11
9
14
16
20
15
13
8
22
21
5
14
5
6
9
24
14
7
9
15
24
18
23
15
11
8
15
15
20
9
7
7
24
6
7
22
20
10
17
8
10
7
13
24
10
11
7
11
20
12
17
20
18
21
24
5
13
6
24
16
6
11
6
20
