900
10
8
7
15
12
11
8
8
20
22
21
9
22
7
21
5
5
24
7
11
11
12
8
13
15
20
12
22
6
21
5
7
12
6
11
9
19
22
7
18
23
18
23
11
22
15
12
22
7
8
7
21
8
5
22
19
21
9
18
10
9
20
18
19
9
18
23
11
12
17
8
18
21
9
14
14
17
19
9
17
12
12
21
12
11
12
15
18
20
15
16
13
9
22
20
12
20
15
13
8
24
24
23
16
22
23
8
17
7
20
13
20
21
15
7
9
10
8
12
5
12
9
7
22
7
23
19
5
13
17
16
10
15
7
12
5
10
19
8
6
21
18
15
18
10
17
9
24
13
22
21
11
13
23
22
14
6
7
23
13
7
9
17
14
20
13
18
15
5
21
7
19
14
13
9
11
12
11
9
12
17
7
14
11
23
6
9
5
14
6
23
21
20
6
15
15
8
16
10
20
7
17
8
20
11
9
17
8
21
12
17
10
13
21
11
6
18
5
20
11
9
12
8
18
23
5
14
23
22
7
12
11
12
12
19
11
16
17
16
11
23
13
17
21
18
17
23
13
10
9
12
7
8
24
22
9
20
20
22
7
23
21
24
24
16
22
8
13
16
15
22
10
8
5
11
7
20
15
19
13
7
17
8
17
22
12
13
13
11
10
12
19
14
8
6
7
11
14
23
5
11
9
19
16
14
5
21
18
18
19
15
8
5
14
24
11
21
10
16
13
20
13
23
14
16
10
17
8
5
8
9
5
14
13
14
9
11
8
14
18
12
24
15
20
12
7
12
15
5
16
13
23
15
13
23
5
24
24
10
24
14
12
5
10
21
9
20
21
9
14
6
16
7
20
19
24
16
24
17
18
7
12
14
7
20
22
8
7
15
10
17
13
23
7
24
24
19
10
21
12
18
12
18
12
15
10
10
13
10
14
14
15
10
15
16
15
11
9
11
17
12
24
10
9
14
5
21
10
9
17
13
14
12
13
5
5
23
5
21
17
8
12
15
23
11
17
10
13
5
22
19
19
16
6
8
19
12
21
23
9
10
12
20
20
14
22
11
5
8
15
24
17
23
22
13
18
17
10
14
23
24
15
24
5
23
20
16
19
21
23
21
16
15
24
13
5
23
14
16
5
13
22
7
18
15
17
19
15
5
6
6
11
21
23
19
22
24
14
19
13
10
24
20
16
7
8
21
17
21
17
21
20
23
23
9
7
13
17
17
19
7
13
23
12
12
7
11
22
23
16
14
18
21
23
18
9
7
18
16
24
23
20
17
24
13
14
15
24
23
20
16
6
18
23
17
18
22
17
16
7
13
21
8
16
23
8
18
23
6
17
6
10
9
14
24
6
12
7
17
9
15
21
18
11
15
23
11
5
21
21
10
7
22
15
7
9
21
16
9
13
13
5
14
7
6
20
19
21
7
18
23
18
15
17
17
11
5
11
11
22
6
21
14
11
21
8
20
20
21
22
5
16
11
5
21
12
16
9
13
10
19
23
8
24
21
22
5
21
16
13
7
7
6
16
11
22
15
13
19
17
17
19
20
15
21
10
19
15
6
5
14
21
24
18
22
17
19
16
24
19
14
15
12
18
7
7
21
9
23
23
16
12
15
6
9
15
14
21
16
6
24
5
22
5
5
22
19
15
7
17
12
19
20
7
13
10
10
12
21
12
10
16
11
13
21
12
9
24
19
20
8
12
6
12
22
7
6
21
16
17
23
16
16
5
16
14
16
7
24
11
14
6
23
5
19
13
22
24
15
17
16
16
10
9
20
23
5
15
20
21
8
19
9
18
13
22
18
12
15
21
15
22
20
12
19
10
9
14
17
22
15
15
8
21
15
22
6
13
23
20
11
8
5
5
15
21
13
22
6
13
19
9
5
12
15
6
21
6
13
22
24
11
17
10
8
23
19
17
12
10
17
7
18
12
5
16
7
5
18
21
14
5
16
13
24
6
20
19
22
19
6
12
22
6
14
5
19
6
10
8
6
15
22
24
13
22
21
18
16
12
12
6
5
8
18
11
22
6
6
24
5
