910
10
24
7
18
12
15
8
20
13
12
18
18
13
18
22
9
12
19
7
9
7
5
9
22
23
9
5
5
16
6
11
24
7
10
19
13
5
12
10
14
7
10
16
18
24
11
15
13
10
22
16
5
17
13
13
17
13
8
7
23
7
22
9
18
15
23
18
12
17
13
13
8
22
24
11
8
23
8
7
6
18
9
14
24
21
11
8
8
11
6
12
5
20
17
23
24
12
6
20
19
21
9
9
11
8
10
14
15
23
22
5
13
9
14
21
20
21
18
15
16
5
13
22
6
19
22
14
21
6
12
22
14
8
16
24
23
23
23
6
14
15
7
6
21
7
7
5
19
16
11
10
24
14
22
7
9
5
18
14
18
13
17
6
13
6
11
8
19
21
21
21
11
23
13
9
15
16
21
15
20
15
8
8
6
12
8
22
8
9
7
6
6
9
21
14
24
24
24
21
8
8
22
20
21
20
16
20
22
8
15
14
14
20
19
14
22
18
13
23
6
23
19
19
21
14
19
5
23
22
13
9
17
17
14
8
23
17
10
12
23
14
10
13
15
11
24
24
9
23
15
6
6
24
13
9
12
11
5
15
14
10
22
6
10
20
11
20
19
19
9
8
14
24
7
18
17
23
13
21
10
17
11
8
14
12
14
23
15
22
21
20
17
6
18
16
9
13
19
8
16
9
16
22
10
20
8
13
6
20
24
14
22
6
9
15
17
9
13
14
9
9
12
8
12
22
12
21
19
20
15
8
10
23
8
23
7
20
21
24
13
15
12
15
17
11
8
17
7
22
22
10
11
6
13
15
20
21
11
6
23
8
23
20
13
18
11
6
18
6
20
16
9
7
5
15
18
5
9
9
16
16
17
10
16
11
10
10
19
7
24
14
6
11
7
5
9
6
11
5
19
19
19
6
12
16
16
11
21
6
9
23
24
21
19
7
5
5
17
8
18
13
13
11
15
11
15
6
17
5
11
17
9
7
7
17
17
11
8
22
11
23
5
7
19
16
22
13
18
8
23
12
21
10
21
6
24
22
18
18
19
21
20
5
16
6
24
9
12
15
13
10
12
20
16
14
21
22
21
19
21
16
11
16
17
18
20
19
13
18
13
19
14
10
5
23
9
16
14
14
17
17
16
13
23
20
13
22
10
6
17
6
17
21
15
20
12
18
11
21
11
24
8
12
22
11
6
12
20
17
20
16
8
12
23
11
5
21
15
13
22
5
16
22
24
11
21
14
20
10
5
5
21
21
6
6
11
16
15
11
24
17
7
8
17
5
12
17
21
10
23
10
17
22
13
10
6
22
14
15
15
8
18
11
20
23
21
7
6
10
17
5
10
20
11
16
20
11
11
19
8
10
13
13
11
13
8
23
24
17
14
12
15
22
11
14
24
15
11
5
9
12
11
14
21
5
8
14
5
6
6
5
17
15
24
14
24
15
14
17
22
10
21
12
18
20
18
19
8
16
17
22
9
6
17
13
18
14
21
5
8
11
11
6
5
7
13
13
12
23
6
11
15
11
6
19
10
21
18
21
16
20
15
12
22
21
20
23
24
21
24
13
21
17
22
11
15
7
21
10
23
22
16
6
11
10
18
9
13
5
20
21
14
18
24
10
20
5
18
20
16
11
19
10
12
8
5
19
20
11
22
22
13
23
8
5
16
5
9
14
5
13
17
7
15
14
21
20
23
24
9
23
22
17
19
24
9
13
18
19
24
15
24
16
7
11
7
17
23
5
7
19
8
8
10
11
17
7
6
7
16
16
21
22
13
21
19
24
20
24
16
15
17
19
9
8
7
16
8
10
6
6
24
10
8
15
19
16
24
22
15
9
17
17
24
18
13
20
21
24
9
12
15
23
18
7
23
14
22
13
19
16
9
16
7
21
24
21
14
22
19
24
12
16
19
10
20
18
11
18
11
14
12
9
24
6
9
11
7
22
5
23
17
6
15
7
21
15
11
18
5
19
23
23
8
19
7
15
16
20
7
18
18
21
6
15
10
9
18
23
13
8
6
8
8
5
21
19
14
8
15
15
15
21
23
24
9
6
23
17
13
8
