970
10
14
10
17
8
5
9
22
24
11
9
7
18
11
12
18
16
11
21
7
21
17
5
7
15
8
24
12
5
18
5
20
18
19
6
12
13
17
13
10
10
19
5
14
6
9
5
22
10
10
12
21
11
5
9
10
18
10
5
22
21
5
24
19
20
8
13
13
7
10
14
20
15
5
20
12
7
21
19
5
8
11
6
11
14
20
23
20
7
16
23
5
5
24
17
12
9
23
16
17
10
17
22
16
5
12
24
6
15
24
21
24
24
20
24
12
7
19
6
20
18
22
24
14
14
19
5
6
12
10
12
18
11
20
22
7
10
17
19
6
13
12
24
6
20
7
12
10
16
5
7
20
23
15
13
15
7
22
16
6
7
6
22
9
5
21
21
17
24
16
24
6
14
7
7
20
14
21
24
20
13
14
6
24
10
20
15
6
24
21
13
23
16
19
9
11
13
16
16
13
21
13
7
8
5
5
7
6
20
22
7
18
17
6
22
13
11
18
9
13
6
9
5
6
16
5
21
14
6
19
7
16
18
7
9
22
10
20
16
11
11
17
17
8
8
22
24
15
17
18
18
14
20
9
15
22
19
23
14
20
24
24
9
17
11
20
20
6
10
22
17
7
7
8
22
6
22
9
12
13
10
23
17
20
23
18
17
16
9
23
20
15
16
10
23
9
24
18
14
22
9
14
11
11
8
5
6
24
24
15
21
15
24
20
11
10
22
15
16
7
6
23
15
13
21
10
17
15
17
5
14
21
17
24
10
23
22
5
10
22
18
5
24
6
20
8
5
18
17
12
11
12
18
8
24
12
20
22
10
16
17
23
24
22
20
21
17
10
9
8
8
8
19
10
17
14
15
8
20
23
5
5
24
18
13
5
22
6
16
16
11
24
22
7
20
15
22
16
14
5
13
21
18
18
7
10
23
6
11
24
10
8
17
18
12
6
15
16
16
13
18
7
20
5
15
12
18
23
18
13
22
15
13
9
7
16
11
5
11
7
13
11
17
23
22
12
15
15
19
23
20
23
9
20
12
14
7
23
18
6
8
13
12
20
15
24
23
14
6
20
5
20
5
23
8
23
7
14
12
22
15
19
18
19
5
10
24
21
15
11
21
11
5
14
14
18
17
14
22
17
24
10
20
18
14
14
19
16
9
13
12
11
9
19
20
24
14
13
20
14
24
22
14
12
16
18
24
22
13
7
9
15
10
11
21
24
14
21
15
22
18
11
10
9
15
9
11
8
18
13
23
10
24
10
21
8
14
13
8
15
17
14
22
17
19
8
12
19
16
15
6
13
17
18
7
8
15
23
8
14
18
15
22
21
12
16
10
15
14
17
20
23
18
8
11
11
12
7
20
14
15
22
6
24
7
10
7
18
6
14
18
18
12
14
9
10
8
8
5
5
20
20
8
22
24
17
23
14
12
7
10
22
5
12
10
13
18
9
17
12
12
22
21
8
23
6
11
14
16
14
22
22
13
21
5
9
23
17
22
20
16
17
6
18
16
10
5
15
6
13
11
20
9
11
5
16
24
20
17
8
12
5
18
14
20
17
23
19
15
11
20
22
15
23
11
15
5
20
22
10
10
13
22
10
21
8
10
21
22
18
10
20
19
19
15
13
14
10
18
21
24
5
21
13
17
11
18
13
24
10
22
10
22
13
17
5
20
14
12
9
18
6
20
8
15
14
23
19
10
22
17
11
18
9
22
19
19
20
18
14
21
15
6
16
23
22
10
14
9
13
12
11
23
20
8
17
14
18
21
8
24
9
21
24
8
8
18
10
8
11
17
21
8
20
15
18
20
19
14
24
10
13
9
23
21
22
17
22
18
13
5
16
13
5
6
24
16
5
24
12
24
6
24
16
17
5
20
9
5
24
20
16
13
17
11
9
13
22
13
17
17
21
8
7
12
8
19
20
16
6
6
19
24
24
22
24
20
18
16
9
23
6
21
5
24
19
14
13
18
11
13
14
12
11
20
6
10
5
21
20
14
13
7
13
12
13
5
8
5
18
9
14
14
23
9
12
9
9
10
23
12
22
17
18
20
15
15
23
10
5
11
11
24
19
8
16
14
6
14
16
19
11
7
16
16
18
7
5
9
20
15
20
16
6
16
12
15
17
23
23
12
18
7
22
19
16
7
7
17
10
8
22
24
15
8
24
8
20
16
18
20
7
10
6
10
15
14
13
18
5
6
