950
10
23
15
9
10
13
22
14
16
16
21
11
10
18
13
11
8
20
10
12
14
23
20
6
22
5
21
11
7
20
20
23
20
15
14
23
6
13
16
5
7
9
8
23
10
8
13
17
17
19
9
14
13
10
6
16
20
18
11
12
15
18
10
20
15
5
7
15
16
24
22
19
10
23
6
10
20
23
14
19
6
6
17
9
18
11
11
11
15
13
6
22
23
15
15
8
24
22
19
17
22
23
10
7
23
9
11
17
15
18
9
13
23
23
10
20
14
9
18
14
23
19
11
10
23
6
16
17
14
11
17
22
9
13
14
23
19
15
20
15
20
14
21
7
16
8
11
15
17
12
21
22
21
18
21
23
18
8
6
8
11
6
10
21
24
15
16
13
11
21
21
20
15
15
12
20
6
19
16
19
6
10
6
23
16
15
21
5
21
8
7
8
11
13
9
22
20
16
14
21
22
23
13
24
23
12
13
17
24
6
18
19
22
20
6
13
24
23
22
9
20
23
24
7
24
19
7
22
5
21
21
17
20
5
24
8
14
13
11
18
10
19
20
7
8
17
18
23
5
12
21
14
10
20
21
23
7
19
22
16
14
10
9
11
17
19
15
15
5
7
12
7
16
16
15
12
18
18
8
22
23
8
16
16
8
12
6
5
17
11
5
12
17
18
10
13
5
17
13
9
15
10
10
23
22
11
18
24
18
10
21
14
6
17
22
23
22
22
23
5
9
21
17
6
7
14
24
12
9
7
10
19
6
5
6
7
12
11
17
17
8
22
8
19
7
21
24
20
19
23
16
15
23
11
21
23
7
13
19
19
19
21
7
7
10
24
5
15
19
19
5
10
5
5
19
17
21
10
12
22
24
22
24
18
11
16
18
5
11
7
19
21
5
7
11
24
9
21
21
11
9
17
14
20
13
17
21
15
16
18
14
21
9
8
21
7
17
24
14
19
7
9
24
5
18
5
7
7
17
17
7
11
20
16
18
22
8
6
10
14
16
24
13
22
21
21
9
22
14
6
12
18
17
7
17
8
10
7
6
6
6
6
19
14
23
8
7
12
21
9
5
10
5
23
21
19
17
19
14
7
16
16
9
24
23
20
16
10
13
5
20
20
10
8
12
9
6
24
5
14
17
14
7
7
15
21
11
7
21
17
6
6
13
13
20
16
9
13
11
10
24
7
18
17
22
6
16
24
6
14
15
17
11
8
9
8
14
21
18
15
12
17
18
10
24
17
22
22
21
5
15
22
13
6
20
21
5
5
14
19
21
13
5
16
12
11
21
7
23
23
6
17
7
16
22
20
5
12
22
19
13
9
24
8
14
12
16
9
5
9
17
13
17
13
12
15
12
24
8
22
17
10
12
23
10
13
18
20
24
10
8
18
5
9
23
21
6
14
8
24
7
8
15
8
21
6
11
11
23
7
18
14
8
24
23
20
16
24
22
6
5
11
5
15
7
15
5
17
17
5
16
23
19
5
6
18
5
24
6
19
8
7
19
18
24
24
20
9
14
14
10
17
21
11
24
14
12
10
5
23
15
11
19
24
24
22
23
8
17
15
18
7
23
13
19
20
13
22
22
20
24
23
21
18
15
14
18
8
15
12
6
12
17
17
9
9
15
7
10
5
17
19
6
11
6
20
14
6
8
6
6
8
17
10
5
9
22
8
6
8
18
5
16
24
17
8
7
13
7
17
20
11
17
16
15
8
15
13
23
5
7
12
19
9
10
16
17
18
8
17
12
10
14
6
11
23
21
14
12
5
18
8
19
20
18
10
12
5
19
15
8
13
24
24
9
8
10
16
16
21
24
17
17
7
7
7
18
21
7
21
12
8
14
23
15
17
15
9
22
10
21
11
11
13
14
18
17
12
6
15
11
17
7
24
8
14
16
15
6
13
21
15
12
18
15
18
18
14
20
22
24
19
22
8
18
22
9
18
14
5
18
20
7
15
7
10
18
19
14
14
20
21
19
14
8
23
10
18
7
18
5
19
14
9
14
15
15
12
9
20
8
8
14
20
22
23
6
16
22
6
8
22
10
19
7
17
11
12
7
11
13
18
18
9
9
7
20
15
23
19
6
8
20
19
13
23
21
17
15
24
12
16
24
8
9
19
18
15
17
11
17
24
10
14
7
12
8
18
9
9
6
