905
10
13
20
17
13
22
14
20
21
20
17
22
12
8
5
9
9
21
9
14
15
11
12
16
15
5
21
16
22
24
17
5
17
21
22
6
21
22
10
18
10
23
6
20
23
8
17
23
11
23
21
6
19
16
8
14
20
8
16
12
6
15
5
22
8
22
5
13
19
10
19
17
8
15
9
6
13
12
11
20
7
16
23
17
11
14
23
11
13
14
7
17
15
13
9
15
15
15
24
14
14
16
20
9
9
8
12
23
21
16
14
10
15
11
12
22
11
5
24
15
14
8
9
15
24
16
17
16
16
5
8
10
11
5
10
18
15
7
6
24
8
8
11
11
14
16
11
11
22
5
12
6
15
9
22
16
5
18
8
17
5
11
15
21
9
9
21
17
12
11
24
13
9
16
22
18
7
24
17
8
12
10
11
8
8
13
23
14
15
9
20
7
16
9
23
23
5
12
9
16
14
5
20
5
17
24
6
19
16
10
16
15
18
12
9
14
13
5
11
17
10
18
23
24
16
12
12
7
6
17
10
5
11
24
5
5
11
15
17
6
16
22
10
22
20
19
13
15
18
20
18
23
21
13
6
14
8
7
12
18
17
14
11
11
21
16
7
17
8
19
9
7
14
13
22
6
9
14
20
15
24
23
24
22
5
18
24
8
22
7
5
23
17
6
17
18
14
22
18
16
8
14
19
6
24
7
9
10
10
7
22
22
17
9
22
10
17
13
22
14
9
15
22
24
7
24
8
14
21
10
19
23
22
22
23
8
17
15
18
15
18
20
7
20
22
14
7
21
22
14
21
16
17
16
8
10
7
22
8
19
5
22
17
10
22
17
24
20
13
9
21
9
22
23
15
22
15
11
15
12
19
21
19
22
14
24
9
16
16
18
16
18
16
16
5
8
13
24
20
18
8
9
10
23
9
22
21
22
24
8
11
22
13
17
24
17
16
6
7
24
14
21
6
5
13
16
21
18
15
23
21
14
6
16
5
18
8
22
22
14
14
23
17
5
19
16
18
19
7
15
9
23
18
23
24
14
12
17
11
23
11
6
8
8
15
14
23
6
14
15
22
9
15
22
24
6
10
24
19
14
18
17
16
24
8
8
11
20
8
11
23
17
21
5
24
8
15
21
12
10
16
17
21
19
16
21
17
17
13
11
12
17
15
8
23
8
19
24
18
11
19
19
7
5
14
24
19
23
18
20
18
11
18
12
11
24
14
15
22
21
17
7
5
12
5
7
22
11
8
7
15
7
8
20
17
18
22
18
11
19
20
24
15
16
7
24
15
24
11
16
9
23
18
13
5
11
16
18
9
5
18
13
12
9
11
22
24
10
20
21
21
14
13
7
14
11
23
13
14
20
17
17
21
6
11
21
6
11
9
14
5
5
14
22
18
23
24
10
16
22
21
12
21
11
13
9
19
22
19
22
8
14
6
13
7
12
16
11
22
10
22
6
17
15
11
9
13
19
23
12
18
18
20
14
14
6
20
20
23
5
23
13
8
8
24
17
21
11
18
15
14
10
20
14
13
21
6
16
16
24
8
22
17
5
6
16
14
16
14
7
16
17
22
20
8
17
5
19
10
23
21
9
18
10
23
11
13
21
6
13
8
6
23
10
9
8
15
6
19
7
23
7
9
6
12
9
14
9
23
22
14
9
12
24
5
14
15
13
22
20
20
17
5
17
16
16
22
14
9
5
14
17
11
22
11
20
10
18
19
24
20
20
6
17
24
10
13
18
24
6
11
5
11
16
19
10
19
19
5
8
7
15
6
17
23
20
8
6
24
20
15
7
18
9
21
15
20
13
12
22
23
13
5
17
12
23
18
19
13
23
9
14
15
13
5
6
17
12
7
17
21
11
9
8
24
21
15
14
24
23
7
15
6
19
14
24
7
20
9
10
16
17
15
12
21
18
21
23
22
6
12
20
14
15
23
17
17
13
24
14
18
6
17
20
22
6
20
9
23
11
14
22
9
8
13
13
14
8
19
17
7
18
19
20
10
8
11
21
11
21
5
17
11
19
24
24
16
21
22
9
8
10
23
6
8
5
