945
10
21
6
14
5
21
19
23
23
21
16
18
21
11
13
15
16
23
18
15
22
12
5
22
19
18
8
11
15
12
21
21
5
10
12
20
24
12
23
9
15
13
21
22
24
15
14
10
6
19
8
17
15
15
15
9
21
21
14
6
5
18
8
16
18
19
14
19
24
15
24
23
5
15
13
14
6
23
21
19
15
19
12
16
20
10
19
16
7
23
19
7
15
5
7
20
12
13
5
10
6
12
18
14
20
14
17
17
22
7
5
10
6
8
18
15
24
19
19
17
17
20
11
10
10
11
10
15
19
19
12
15
6
8
24
11
18
14
19
8
12
23
23
23
9
8
19
19
12
16
5
18
20
5
23
10
21
7
5
7
15
6
19
19
23
7
23
21
14
12
14
11
9
15
7
6
19
19
10
20
7
18
10
10
14
9
22
8
21
8
15
10
24
13
19
13
5
21
7
20
20
20
6
17
21
23
21
19
20
7
23
13
22
9
6
9
8
8
5
16
17
15
13
14
14
20
7
10
5
14
23
24
8
8
23
7
15
15
16
15
24
11
22
19
8
21
8
15
23
7
6
5
22
17
11
15
13
8
23
14
7
6
13
13
22
11
10
24
12
15
9
24
15
20
24
22
22
14
17
8
9
9
19
8
12
12
8
7
5
9
11
21
22
17
7
19
18
10
10
6
7
10
8
24
17
8
8
13
16
19
22
13
23
23
7
12
6
13
14
23
10
17
8
6
15
15
14
11
23
11
7
6
9
10
17
18
10
15
6
17
5
10
8
20
6
12
7
10
12
8
11
8
8
22
9
10
5
11
18
16
19
5
18
11
21
21
24
10
11
11
19
10
5
9
6
15
12
5
18
22
19
5
16
24
11
12
6
12
21
15
10
14
13
13
10
7
8
21
8
21
6
11
18
7
17
18
22
9
23
5
12
16
19
15
9
17
23
18
23
5
14
13
23
9
6
6
11
15
5
16
6
17
12
24
15
9
17
11
18
6
18
24
13
15
23
20
21
10
12
24
21
13
17
18
22
21
12
5
10
10
21
23
22
24
13
16
22
23
24
21
8
19
12
15
22
20
8
11
9
8
23
15
15
23
10
11
20
6
24
9
13
6
11
22
20
24
9
11
16
22
23
8
20
22
7
9
5
22
17
23
17
9
14
18
18
24
8
22
12
5
10
10
22
24
8
13
7
19
13
16
24
22
13
13
20
5
5
11
21
10
14
6
13
6
14
18
16
20
11
24
16
8
6
17
5
7
24
24
8
24
15
23
6
15
23
22
6
10
24
24
23
20
17
18
13
8
19
18
7
18
24
17
6
5
20
9
16
17
10
19
11
12
24
12
7
12
12
11
23
7
15
24
17
12
23
8
24
22
14
14
6
23
23
20
8
7
5
15
9
11
14
17
24
17
17
8
14
10
9
18
23
11
14
20
14
17
19
8
8
24
9
15
10
11
23
23
14
18
11
10
23
24
21
16
19
17
20
19
11
16
9
6
22
23
16
11
18
20
11
18
19
10
10
16
17
5
8
5
22
15
11
18
19
13
23
22
11
14
22
16
22
11
9
14
11
9
19
22
22
12
11
22
9
20
11
5
9
10
19
9
22
12
13
16
20
18
7
13
9
14
12
7
24
19
20
20
16
14
10
20
13
6
20
16
20
7
22
7
10
6
20
9
16
15
22
19
6
6
14
19
21
16
20
9
16
16
15
6
15
11
21
5
23
10
5
20
10
13
5
14
6
16
10
7
9
14
20
8
9
7
19
21
19
12
24
5
10
9
22
10
16
11
16
22
16
11
23
22
8
24
18
17
19
5
6
16
20
15
17
14
17
22
7
23
7
11
7
7
11
6
8
22
9
18
15
22
17
18
14
17
22
7
23
24
16
24
7
16
16
5
15
9
15
10
5
5
20
19
24
20
17
5
9
7
16
8
22
18
5
15
17
23
8
14
10
15
10
15
6
8
8
9
12
18
10
9
14
19
15
14
17
8
22
20
18
17
18
5
13
5
8
13
20
6
5
9
5
19
8
23
14
10
5
9
14
8
7
23
5
9
20
7
24
5
14
12
19
20
11
6
24
15
19
9
20
7
7
9
22
16
10
11
12
6
19
15
15
12
16
14
19
11
10
10
15
17
