935
10
5
10
14
12
22
10
6
5
14
15
16
12
19
14
6
12
14
9
5
6
22
11
12
24
22
5
16
7
17
6
9
9
8
19
20
10
16
12
15
12
6
18
19
22
21
17
21
14
8
19
5
18
5
24
19
8
6
17
19
6
6
8
24
6
20
18
6
8
21
12
10
14
12
24
7
9
19
12
6
13
8
21
5
15
22
21
10
15
6
15
8
17
14
21
24
17
13
8
6
15
10
24
10
14
23
7
22
9
22
7
10
14
19
20
23
23
16
8
9
20
18
7
7
7
9
24
5
13
8
17
22
17
10
19
20
10
9
9
18
6
13
11
16
5
17
8
18
21
23
5
23
15
10
9
17
12
6
21
10
24
7
21
21
15
17
17
12
6
16
23
14
12
5
11
21
21
18
5
10
13
24
10
21
6
6
16
16
24
9
12
8
10
10
24
11
18
16
19
13
11
9
9
18
23
24
7
13
11
18
22
19
23
14
17
22
6
21
22
10
7
18
10
11
12
23
9
9
20
7
20
20
20
9
11
18
11
17
15
16
18
17
24
6
19
9
5
20
21
21
17
22
5
6
6
6
9
5
21
21
11
20
24
8
6
10
16
15
12
9
16
21
15
10
19
21
13
18
10
20
19
9
13
16
14
21
12
22
22
16
24
5
13
5
8
18
21
9
17
11
14
15
5
24
5
23
15
6
13
9
9
17
19
20
20
12
23
18
21
15
23
15
21
16
12
10
14
6
24
21
18
24
21
24
14
7
17
10
19
16
23
16
5
9
6
7
12
10
18
17
12
8
19
19
10
18
18
10
13
20
15
16
15
5
21
14
19
12
18
5
13
11
23
13
14
9
20
11
18
23
20
10
13
10
7
17
13
11
21
21
22
7
19
13
11
6
22
16
17
16
21
18
15
11
5
8
8
24
7
22
22
9
5
6
16
8
6
11
23
7
23
16
6
12
16
19
8
19
21
7
15
22
21
6
22
5
21
16
24
16
18
5
12
10
5
5
18
7
8
10
24
23
6
18
14
10
13
16
8
20
24
6
13
11
7
13
5
23
7
5
5
14
19
20
24
9
21
14
14
11
15
14
23
21
13
24
14
6
11
18
24
10
8
10
16
7
15
23
6
23
15
12
12
21
14
19
21
14
15
9
24
8
8
7
10
23
11
17
20
12
17
11
19
11
22
6
19
9
24
8
19
8
9
20
19
23
20
9
24
21
8
15
13
9
22
21
19
12
14
9
22
24
8
9
15
5
16
22
18
10
22
12
17
18
22
10
8
13
9
12
21
7
21
7
12
19
6
20
19
12
5
5
15
9
23
21
22
19
7
11
22
22
6
7
20
21
12
17
6
14
24
15
23
14
12
13
21
21
7
24
9
23
24
12
19
24
19
23
5
21
24
16
9
12
16
8
23
21
16
5
6
23
17
9
12
20
7
22
20
20
18
12
7
5
6
19
23
20
23
19
16
16
9
18
13
5
7
21
12
22
19
15
22
16
18
15
18
24
8
9
6
24
6
18
7
23
5
9
5
22
20
21
22
18
24
12
6
21
8
12
5
21
7
22
8
8
24
10
6
14
9
15
18
9
9
20
14
12
24
22
12
6
10
21
13
17
19
10
10
15
14
19
19
17
21
15
12
12
13
24
15
10
12
7
24
10
15
11
24
11
15
11
21
19
8
10
23
15
12
5
23
12
9
8
13
6
14
5
20
12
21
18
23
24
23
6
8
11
13
20
20
10
6
11
6
10
10
22
21
10
17
12
8
11
15
24
17
8
20
24
10
8
19
20
16
9
8
23
23
14
15
13
24
5
17
19
14
15
13
15
10
21
24
24
22
22
13
23
5
19
17
5
5
15
8
6
19
19
9
22
12
21
12
11
10
14
8
10
21
13
13
11
20
21
24
12
7
22
22
21
10
15
23
11
18
17
7
24
12
8
16
12
8
9
16
14
11
14
23
20
8
13
13
20
21
16
24
12
13
14
24
10
20
5
12
7
11
24
21
18
15
11
15
12
13
17
12
9
6
18
18
22
21
7
13
7
10
24
18
13
24
24
7
18
23
12
22
16
14
14
10
11
7
20
21
6
9
10
24
18
17
21
13
19
14
22
