960
10
24
17
19
5
20
13
14
19
6
11
10
5
10
6
20
21
5
12
24
5
8
12
21
24
9
21
18
13
5
8
23
22
21
9
15
20
7
15
5
9
5
18
22
23
17
7
21
15
12
15
10
6
5
20
9
6
23
21
16
24
23
17
16
7
11
20
21
19
15
22
10
19
19
21
7
15
11
6
5
22
23
15
15
6
18
20
12
21
21
12
18
22
14
15
11
17
24
19
7
16
10
7
24
13
15
8
17
21
8
23
19
6
5
8
23
9
24
19
14
14
8
12
19
9
6
21
5
23
17
12
5
6
11
10
19
18
5
19
6
13
16
19
23
14
19
14
18
11
13
10
7
20
19
15
16
24
7
20
24
11
20
20
13
5
14
5
11
23
23
22
21
8
23
5
5
7
17
13
7
16
18
16
20
13
7
11
17
23
21
23
15
10
21
22
17
17
15
11
9
8
14
13
21
20
17
6
6
13
6
13
20
8
24
9
12
6
16
13
17
22
12
10
7
15
11
24
11
15
10
21
8
8
8
11
23
11
22
21
5
11
6
18
7
8
5
6
7
22
17
17
18
6
16
10
14
15
11
5
21
13
11
21
21
24
5
22
15
8
14
14
18
14
6
7
13
18
23
6
13
23
22
11
6
17
9
22
22
6
24
12
19
13
14
18
14
15
12
8
20
15
13
18
22
14
18
6
5
16
24
9
19
14
24
7
22
21
15
18
22
23
19
15
19
18
19
5
5
22
14
18
16
9
20
12
20
14
13
17
9
17
14
20
12
19
19
5
14
13
19
11
11
7
11
12
15
16
14
9
5
5
23
21
17
12
17
17
24
11
7
22
23
17
23
11
21
17
18
17
21
13
7
20
24
22
5
12
16
15
11
23
11
8
17
11
24
14
21
20
18
12
5
15
16
12
21
20
20
21
14
18
12
5
12
6
5
11
9
12
18
24
22
18
10
10
19
21
16
9
12
5
7
10
19
13
16
15
11
21
23
14
18
10
20
5
18
16
10
15
18
10
9
9
7
22
6
24
11
19
15
11
15
9
6
17
8
12
22
16
16
18
5
13
22
11
10
6
10
11
16
22
16
7
12
20
10
8
7
17
21
9
19
15
16
11
23
9
5
8
12
13
6
22
7
10
16
6
5
23
6
6
17
7
20
11
20
15
7
11
9
14
14
22
21
6
16
20
11
13
5
17
12
17
8
17
19
16
5
24
23
19
11
17
12
15
17
18
17
8
15
16
9
7
18
12
17
14
16
19
21
6
13
7
23
12
21
8
24
20
24
23
6
24
10
5
10
6
21
19
23
23
24
18
10
11
8
18
14
9
10
5
21
7
20
9
16
22
7
6
11
10
19
12
20
9
5
5
13
23
9
12
18
6
11
21
9
7
16
19
10
17
23
9
15
9
19
13
9
16
17
24
21
18
22
11
21
7
22
14
12
23
11
7
5
6
5
18
9
19
12
13
15
24
16
19
16
12
10
14
16
20
23
5
7
23
14
7
11
16
7
7
23
10
15
14
17
24
8
20
14
7
21
14
22
5
11
8
23
8
23
23
18
8
17
9
8
21
18
10
20
10
22
12
15
15
20
23
22
7
21
24
20
14
13
15
19
20
22
7
8
12
21
17
15
23
19
17
21
18
7
11
5
20
13
22
7
7
11
7
20
15
5
13
8
8
16
8
17
18
15
24
7
12
14
8
18
5
5
24
13
12
5
5
18
13
10
12
11
6
23
23
18
16
18
11
12
23
9
17
21
9
20
24
5
6
18
13
13
18
23
19
15
12
7
22
23
8
7
23
15
23
17
17
22
22
6
15
18
17
17
18
7
11
12
10
9
12
18
10
22
10
9
13
18
5
5
8
15
18
10
6
8
7
24
10
10
9
7
20
6
10
19
19
11
11
14
7
8
7
22
11
14
18
11
7
7
16
12
17
8
24
10
17
5
13
21
6
6
14
23
11
23
16
16
24
9
21
24
22
12
18
21
14
8
12
13
7
24
17
20
23
8
23
18
13
18
19
19
16
16
12
24
19
9
9
12
12
12
21
5
12
11
18
20
22
22
6
23
16
12
19
8
19
11
9
16
17
20
18
7
22
6
6
20
16
16
9
22
21
22
19
20
8
16
23
6
7
6
7
13
23
16
19
21
21
15
16
11
14
6
13
