975
10
17
11
17
23
24
5
23
22
22
12
5
19
11
5
5
18
9
22
13
6
17
11
18
17
5
16
16
23
7
5
17
14
23
5
20
8
17
12
10
18
14
8
23
14
5
11
15
17
23
8
13
16
8
7
14
24
13
23
11
12
11
11
9
19
10
20
9
19
23
23
16
10
16
14
13
11
17
6
17
17
24
5
21
5
6
21
6
9
13
14
16
14
15
8
6
6
18
12
24
23
22
5
20
5
23
15
9
7
15
14
19
14
12
5
9
17
11
5
19
16
9
17
13
12
24
7
24
9
10
14
18
24
23
16
14
5
9
10
16
12
11
14
15
11
6
24
20
20
24
15
9
21
17
20
11
15
21
5
12
19
15
12
9
19
20
17
19
12
8
6
15
21
22
19
12
22
7
15
24
23
24
18
11
20
9
15
7
6
14
9
14
15
10
20
14
15
23
7
19
16
17
13
16
19
23
24
12
9
19
5
24
22
23
18
21
5
16
7
19
13
8
21
13
6
5
12
10
21
20
16
21
11
7
11
21
5
18
22
19
9
14
6
20
12
13
9
24
12
15
7
9
17
6
19
22
17
20
14
11
8
13
8
18
10
16
6
16
16
24
17
14
15
12
22
16
5
23
9
11
12
18
19
12
21
8
11
24
6
21
9
7
17
8
21
21
21
6
23
11
22
19
16
5
13
8
9
20
10
12
19
7
7
21
23
23
6
22
6
16
6
18
10
16
10
16
17
23
8
14
23
21
14
9
24
19
12
15
15
16
14
20
18
16
7
15
15
12
19
9
24
9
13
8
11
20
14
17
12
15
23
16
13
9
17
6
9
8
24
9
16
8
13
12
11
21
21
9
11
14
8
16
9
20
11
23
18
17
10
16
12
14
5
20
5
9
22
16
22
5
24
22
13
24
24
15
10
7
17
24
12
12
18
11
24
16
19
10
5
17
20
24
11
19
12
21
19
20
14
9
8
22
14
9
9
16
6
9
22
5
19
21
9
8
12
19
10
14
7
7
14
15
20
13
21
15
6
8
11
17
24
24
15
6
21
15
16
24
24
10
8
15
19
11
9
9
7
23
15
18
6
16
8
10
5
20
8
18
21
9
10
14
12
22
19
18
16
16
14
8
13
7
8
11
13
16
14
11
18
7
22
11
7
22
7
20
7
20
14
7
23
16
22
22
7
22
23
13
5
16
11
13
17
19
13
18
9
13
20
5
13
7
8
13
16
5
20
12
15
17
11
22
14
9
21
9
20
24
23
12
22
7
19
17
17
6
16
15
19
10
13
5
17
12
20
13
19
16
5
17
24
11
13
12
24
23
22
19
23
8
17
6
24
8
23
5
16
17
24
7
15
7
14
10
21
5
19
19
9
8
16
21
10
11
6
17
6
11
13
16
9
15
6
24
16
8
6
13
15
6
7
13
20
20
16
16
6
14
13
10
22
17
16
19
14
8
18
12
24
9
14
8
18
24
21
5
8
15
24
18
17
15
11
11
23
12
6
19
7
20
21
6
22
19
20
19
11
6
10
9
14
21
21
7
9
23
16
22
21
13
21
10
15
20
20
5
5
20
12
19
13
9
13
13
5
14
23
5
10
9
6
22
19
18
23
17
14
12
16
22
7
18
13
7
8
15
19
8
16
8
22
8
6
15
14
20
15
13
6
8
18
14
10
20
9
9
19
10
13
16
9
10
21
9
12
19
12
22
20
11
13
19
12
10
21
18
11
21
16
21
22
6
20
16
13
13
19
10
16
22
11
14
18
22
13
19
15
23
8
21
15
7
16
19
14
17
15
17
22
24
8
18
24
10
11
24
12
9
12
13
20
13
8
10
8
13
10
16
20
12
15
14
23
24
13
6
9
5
11
15
20
8
18
12
23
12
23
24
18
16
10
6
23
23
11
17
23
19
11
8
5
24
21
19
17
21
20
13
12
10
10
23
16
6
20
7
18
20
9
14
5
16
19
8
23
8
24
6
22
9
6
14
21
17
11
23
24
18
13
16
11
16
18
14
15
18
20
18
23
14
8
13
23
24
16
20
5
16
15
9
22
15
17
11
12
9
21
18
18
5
8
10
22
8
14
10
9
22
15
10
10
22
20
10
12
22
13
18
6
11
9
10
14
20
17
19
18
6
13
9
16
7
20
12
13
12
23
18
5
17
21
19
5
21
6
24
17
10
6
18
13
14
18
6
15
17
