925
10
22
17
16
14
19
8
20
9
23
20
8
12
5
19
24
6
23
5
17
5
19
15
6
16
13
12
21
24
12
21
12
21
8
5
14
9
18
10
8
21
12
20
12
21
15
11
17
23
21
19
23
8
21
8
18
23
11
16
10
10
18
15
12
23
8
6
12
13
24
24
8
16
15
13
6
15
9
24
23
12
12
8
22
18
24
11
19
20
21
11
13
5
6
19
8
12
15
7
13
17
20
12
24
23
14
19
19
11
23
16
17
18
12
11
14
14
23
14
19
14
13
10
18
8
7
17
11
16
12
17
21
23
16
16
24
6
16
24
13
21
13
21
17
16
7
9
24
6
23
19
21
13
23
13
10
10
22
9
16
22
15
20
22
22
10
19
24
11
21
6
20
9
23
14
10
11
19
5
23
17
5
9
20
22
9
11
8
9
19
8
17
22
20
23
17
21
7
21
17
24
14
5
11
15
20
7
12
14
11
12
24
6
19
8
6
20
13
13
17
23
14
12
13
9
20
15
13
10
11
14
5
17
10
15
23
15
21
16
10
10
7
22
11
11
5
5
18
16
22
23
5
21
6
23
12
10
22
16
11
11
6
19
13
9
9
13
11
9
10
5
18
9
12
15
7
22
17
10
23
21
20
8
19
24
9
16
18
22
10
13
18
17
19
18
21
8
24
18
12
20
7
23
7
10
5
22
8
20
17
9
15
16
8
5
19
10
13
23
23
8
21
7
19
5
7
9
17
7
14
8
21
14
7
8
13
6
10
12
23
21
14
5
21
15
5
10
10
8
11
8
23
20
18
14
9
5
6
19
22
13
23
20
7
13
8
22
12
19
20
8
8
5
8
6
17
13
23
6
8
14
14
24
6
11
17
9
22
10
12
16
6
18
7
22
13
7
24
16
24
5
6
23
14
16
19
16
11
11
7
18
8
7
16
5
24
8
18
5
10
16
16
8
23
7
15
13
12
6
7
22
13
23
24
17
10
18
6
11
6
12
20
18
7
5
11
5
5
12
18
14
6
22
12
23
23
7
22
10
20
19
11
24
19
9
22
13
23
11
22
23
24
21
10
9
12
15
20
19
5
10
24
15
13
14
18
6
7
19
12
20
20
22
18
7
6
16
5
20
6
14
23
9
20
8
5
16
16
20
15
19
12
18
20
21
12
23
11
15
24
6
5
17
16
15
22
21
10
11
8
14
14
17
13
12
22
24
6
10
10
18
11
5
6
17
11
19
19
16
6
24
20
13
14
7
21
6
9
24
23
10
11
11
12
23
15
12
22
22
15
20
23
7
6
21
11
6
8
7
21
19
13
24
17
7
18
22
19
11
23
11
18
10
14
22
23
15
23
21
20
17
11
6
14
20
14
20
7
10
19
6
19
6
6
23
13
24
6
7
9
18
18
10
9
23
6
19
12
6
19
19
5
6
7
12
12
5
16
24
10
8
24
11
8
10
10
10
22
5
24
10
12
10
24
13
9
7
14
20
6
20
12
22
7
16
9
5
24
22
19
23
9
12
8
16
8
15
9
7
7
13
18
23
7
5
22
20
14
17
15
19
6
5
17
11
23
19
12
6
15
19
13
16
18
23
22
10
9
13
18
12
19
13
19
13
15
21
20
20
5
22
15
8
24
21
16
8
17
16
16
14
9
24
12
7
14
8
14
24
20
12
15
23
12
8
16
12
15
23
10
15
8
20
8
13
11
12
11
19
21
18
22
6
13
13
17
8
6
8
9
20
8
8
10
14
17
14
7
14
20
24
15
15
8
22
5
20
19
10
11
7
23
10
17
6
23
22
16
24
8
14
18
7
18
21
8
16
10
16
22
5
9
6
8
11
18
17
19
13
17
23
20
12
12
23
17
5
16
18
21
13
21
7
21
20
9
7
12
17
22
17
9
10
15
10
17
19
12
12
12
6
17
19
21
11
18
5
14
5
8
7
7
17
14
17
6
21
23
13
24
6
7
14
14
20
21
12
6
24
7
8
19
21
22
17
12
10
6
17
21
11
6
15
15
15
13
7
14
15
20
21
18
17
16
22
23
12
24
23
11
8
24
24
13
14
13
11
15
15
5
18
21
6
7
23
17
