920
10
20
8
12
23
21
16
8
11
15
24
8
23
14
14
9
14
5
20
22
21
20
14
11
22
18
24
14
20
6
15
23
22
24
9
12
19
24
5
7
11
20
13
12
10
8
12
10
16
24
20
13
14
17
12
22
24
16
12
24
16
16
18
24
9
7
17
8
14
21
21
20
7
17
5
9
18
12
21
19
11
16
24
19
8
14
15
10
12
8
21
18
12
23
14
11
16
24
19
8
17
6
23
20
7
13
12
20
6
10
10
9
15
20
5
23
24
13
15
20
6
5
11
15
6
21
21
8
6
8
11
14
15
8
5
8
16
16
15
17
11
17
23
22
23
16
18
14
6
7
7
18
17
24
11
24
15
7
17
11
19
10
10
8
9
16
5
10
20
11
8
23
5
15
11
24
21
20
7
20
5
20
24
18
19
12
24
8
22
21
23
24
19
14
19
22
10
24
12
20
24
9
14
11
14
18
19
21
12
6
9
21
21
12
10
15
15
9
18
9
7
7
14
19
18
5
10
10
19
13
6
5
20
18
10
24
13
16
11
7
12
23
22
12
11
15
24
21
5
20
14
13
19
24
12
13
24
18
15
10
19
11
18
18
21
11
10
12
8
7
15
18
13
13
17
10
15
17
24
13
17
20
10
16
18
6
15
12
21
18
15
14
23
13
18
13
21
12
12
21
11
8
7
16
19
7
23
18
8
10
24
17
11
13
20
15
11
24
20
10
9
20
5
15
23
13
16
19
10
23
7
15
11
19
22
6
14
22
6
21
11
18
13
23
15
24
12
6
23
13
11
6
8
8
21
9
10
22
16
17
6
6
16
15
24
12
13
13
11
5
17
15
23
12
11
9
9
24
12
17
13
23
19
12
22
15
12
20
8
19
12
6
23
9
9
9
13
7
12
11
8
17
12
23
13
10
17
17
5
18
6
15
6
16
14
9
7
24
13
15
14
14
15
10
11
19
5
17
18
8
19
10
22
24
23
22
8
22
5
22
19
9
21
21
17
21
10
23
24
8
8
11
20
17
16
5
16
20
8
18
16
19
22
17
21
9
7
24
17
5
17
24
7
18
22
18
19
22
12
24
19
14
9
8
13
9
12
15
8
21
23
9
7
11
20
21
9
10
19
8
16
11
17
20
5
12
12
11
8
15
11
14
9
6
17
5
14
18
6
9
13
9
21
9
6
14
18
8
19
11
7
11
16
13
15
24
21
19
19
20
23
20
13
15
6
17
7
23
18
16
16
21
10
13
18
19
14
6
16
15
17
8
24
9
5
9
10
18
11
20
11
5
12
13
16
22
11
22
11
9
10
11
8
17
14
24
22
7
18
12
18
15
16
22
17
5
20
11
21
5
19
10
13
21
12
18
21
20
22
18
10
16
5
23
15
12
15
18
6
20
7
5
7
19
5
17
18
20
17
17
9
13
18
18
12
13
23
23
12
15
16
8
19
20
20
24
13
14
12
24
9
16
8
19
16
19
6
15
8
22
7
18
10
18
18
11
12
24
12
15
8
9
10
21
10
17
18
10
18
19
17
17
7
8
18
23
5
11
20
18
5
14
6
14
15
12
20
13
9
7
23
24
11
16
14
11
23
6
16
8
21
7
9
6
13
23
20
21
14
23
20
18
19
17
15
16
13
8
13
17
16
10
21
12
19
22
6
17
7
23
13
20
20
7
14
18
22
7
7
5
7
8
12
14
22
15
6
18
21
8
7
18
12
24
18
8
9
6
24
20
17
18
14
12
13
14
11
21
14
13
23
22
19
16
18
18
20
7
10
6
20
14
15
21
17
14
17
13
5
8
18
23
17
5
19
21
24
11
20
24
5
16
15
18
7
13
24
15
11
10
20
21
17
5
10
13
12
16
7
13
22
5
22
23
23
17
11
8
23
16
5
10
12
21
7
11
7
18
8
8
22
20
23
11
19
17
14
14
16
17
11
13
5
15
18
10
24
17
6
23
12
9
14
8
10
12
8
15
23
15
24
14
10
24
20
8
5
10
21
21
21
22
22
21
23
20
16
23
19
22
13
11
17
8
7
9
11
24
10
24
6
16
6
16
5
11
10
8
20
16
9
